
Solution: (0,22) (2,4) (2,17) (3,1) (3,6) (3,10) (3,19) (4,12) (5,0) (7,15) (8,5) (9,2) (9,11) (9,23) (10,8) (11,24) (12,16) (12,21) (16,14) (21,20) (22,13) (22,18) (23,3) (24,7) (24,9) 
# pairs of queens attacking each other: 18

Solution: (0,22) (1,1) (2,4) (2,17) (3,6) (3,10) (3,19) (4,12) (5,0) (7,15) (8,5) (9,2) (9,11) (9,23) (10,8) (11,24) (12,16) (12,21) (16,14) (21,20) (22,13) (22,18) (23,3) (24,7) (24,9) 
# pairs of queens attacking each other: 16

Solution: (0,22) (1,1) (2,4) (2,17) (3,6) (3,10) (3,19) (4,12) (5,0) (7,15) (8,5) (9,11) (9,23) (10,8) (11,24) (12,16) (12,21) (13,2) (16,14) (21,20) (22,13) (22,18) (23,3) (24,7) (24,9) 
# pairs of queens attacking each other: 15

Solution: (0,22) (1,1) (2,4) (2,17) (3,6) (3,10) (3,19) (4,12) (5,0) (7,15) (8,5) (9,11) (9,23) (10,8) (11,24) (12,16) (12,21) (13,2) (16,14) (21,20) (22,13) (22,18) (23,3) (24,7) (24,9) 
# pairs of queens attacking each other: 15


Solution: (0,22) (1,1) (2,17) (3,6) (3,10) (3,19) (4,12) (5,0) (7,15) (8,5) (9,11) (9,23) (10,8) (11,24) (12,16) (12,21) (13,2) (16,14) (17,4) (21,20) (22,13) (22,18) (23,3) (24,7) (24,9) 
# pairs of queens attacking each other: 13

Solution: (0,22) (1,1) (2,17) (3,6) (3,10) (3,19) (4,12) (5,0) (7,15) (9,11) (9,23) (10,8) (11,24) (12,16) (12,21) (13,2) (16,14) (17,4) (19,5) (21,20) (22,13) (22,18) (23,3) (24,7) (24,9) 
# pairs of queens attacking each other: 12

Solution: (0,22) (1,1) (2,17) (3,6) (3,10) (3,19) (4,12) (5,0) (7,15) (9,11) (9,23) (10,8) (11,24) (12,16) (12,21) (13,2) (16,14) (17,4) (19,5) (21,20) (22,13) (22,18) (23,3) (24,7) (24,9) 
# pairs of queens attacking each other: 12


Solution: (0,22) (1,1) (2,17) (3,6) (3,10) (3,19) (4,12) (5,0) (7,15) (9,11) (9,23) (10,8) (11,24) (12,16) (12,21) (13,2) (16,14) (17,4) (19,5) (21,20) (22,13) (22,18) (23,3) (24,7) (24,9) 
# pairs of queens attacking each other: 12


Solution: (0,22) (1,1) (2,17) (3,6) (3,10) (3,19) (4,12) (5,0) (7,15) (9,11) (9,23) (11,24) (12,16) (12,21) (13,2) (15,8) (16,14) (17,4) (19,5) (21,20) (22,13) (22,18) (23,3) (24,7) (24,9) 
# pairs of queens attacking each other: 11

Solution: (0,22) (1,1) (2,17) (3,6) (3,10) (3,19) (4,12) (5,0) (7,15) (8,9) (9,11) (9,23) (11,24) (12,16) (12,21) (13,2) (15,8) (16,14) (17,4) (19,5) (21,20) (22,13) (22,18) (23,3) (24,7) 
# pairs of queens attacking each other: 9

Solution: (0,22) (1,1) (2,17) (3,6) (3,10) (3,19) (4,12) (5,0) (7,15) (8,9) (9,11) (9,23) (11,24) (12,16) (12,21) (13,2) (15,8) (16,14) (17,4) (19,5) (21,20) (22,13) (22,18) (23,3) (24,7) 
# pairs of queens attacking each other: 9


Solution: (0,22) (1,1) (2,17) (3,6) (3,10) (3,19) (4,12) (5,0) (7,15) (8,9) (9,23) (11,24) (12,16) (12,21) (13,2) (14,11) (15,8) (16,14) (17,4) (19,5) (21,20) (22,13) (22,18) (23,3) (24,7) 
# pairs of queens attacking each other: 8

Solution: (0,22) (1,1) (2,17) (3,6) (3,10) (3,19) (5,0) (6,12) (7,15) (8,9) (9,23) (11,24) (12,16) (12,21) (13,2) (14,11) (15,8) (16,14) (17,4) (19,5) (21,20) (22,13) (22,18) (23,3) (24,7) 
# pairs of queens attacking each other: 7

Solution: (0,22) (1,1) (1,13) (2,17) (3,6) (3,10) (3,19) (5,0) (6,12) (7,15) (8,9) (9,23) (11,24) (12,16) (12,21) (13,2) (14,11) (15,8) (16,14) (17,4) (19,5) (21,20) (22,18) (23,3) (24,7) 
# pairs of queens attacking each other: 6

Solution: (0,22) (1,1) (1,13) (2,17) (3,6) (3,10) (3,19) (5,0) (6,12) (7,15) (8,9) (9,23) (11,24) (12,16) (12,21) (13,2) (14,11) (15,8) (16,14) (17,4) (19,5) (21,20) (22,18) (23,3) (24,7) 
# pairs of queens attacking each other: 6


Solution: (0,22) (1,1) (1,13) (2,17) (3,6) (3,10) (3,19) (5,0) (6,12) (7,15) (8,9) (9,23) (11,24) (12,16) (12,21) (13,2) (14,11) (15,8) (16,14) (17,4) (19,5) (21,20) (22,18) (23,3) (24,7) 
# pairs of queens attacking each other: 6


Solution: (0,22) (1,1) (1,13) (2,17) (3,6) (3,10) (3,19) (5,0) (6,12) (7,15) (8,9) (9,23) (11,24) (12,16) (12,21) (13,2) (14,11) (15,8) (16,14) (17,4) (19,5) (21,20) (22,18) (23,3) (24,7) 
# pairs of queens attacking each other: 6


Solution: (0,22) (1,1) (1,13) (2,17) (3,6) (3,10) (3,19) (5,0) (6,12) (7,15) (8,9) (9,23) (11,24) (12,16) (12,21) (13,2) (14,11) (15,8) (16,14) (17,4) (19,5) (21,20) (22,18) (23,3) (24,7) 
# pairs of queens attacking each other: 6


Solution: (0,22) (1,1) (1,13) (2,17) (3,6) (3,10) (3,19) (5,0) (6,12) (7,15) (8,9) (9,23) (11,24) (12,16) (12,21) (13,2) (14,11) (15,8) (16,14) (17,4) (19,5) (21,20) (22,18) (23,3) (24,7) 
# pairs of queens attacking each other: 6


Solution: (0,22) (1,1) (1,13) (1,19) (2,17) (3,6) (3,10) (5,0) (6,12) (7,15) (8,9) (9,23) (11,24) (12,16) (12,21) (13,2) (14,11) (15,8) (16,14) (17,4) (19,5) (21,20) (22,18) (23,3) (24,7) 
# pairs of queens attacking each other: 5

Solution: (0,22) (1,1) (1,13) (1,19) (2,17) (3,6) (3,10) (5,0) (6,12) (7,15) (8,9) (9,23) (11,24) (12,16) (12,21) (13,2) (14,11) (15,8) (16,14) (17,4) (19,5) (21,20) (22,18) (23,3) (24,7) 
# pairs of queens attacking each other: 5


Solution: (0,22) (1,1) (1,13) (1,19) (2,17) (3,6) (3,10) (5,0) (6,12) (7,15) (8,9) (9,23) (11,24) (12,16) (12,21) (13,2) (14,11) (15,8) (16,14) (17,4) (19,5) (21,20) (22,18) (23,3) (24,7) 
# pairs of queens attacking each other: 5


Solution: (1,1) (1,13) (1,19) (2,17) (3,6) (3,10) (5,0) (6,12) (7,15) (8,9) (9,23) (11,24) (12,16) (12,21) (13,2) (14,11) (15,8) (16,14) (17,4) (19,5) (20,22) (21,20) (22,18) (23,3) (24,7) 
# pairs of queens attacking each other: 4

Solution: (1,1) (1,13) (1,19) (2,17) (3,6) (3,10) (5,0) (6,12) (7,15) (8,9) (9,23) (11,24) (12,16) (12,21) (13,2) (14,11) (15,8) (16,14) (17,4) (19,5) (20,22) (21,20) (22,18) (23,3) (24,7) 
# pairs of queens attacking each other: 4


Solution: (1,1) (1,13) (1,19) (2,17) (3,6) (3,10) (5,0) (6,12) (7,15) (8,9) (9,23) (11,24) (12,16) (12,21) (13,2) (14,11) (15,8) (16,14) (17,4) (19,5) (20,22) (21,20) (22,18) (23,3) (24,7) 
# pairs of queens attacking each other: 4

Done in 0 restarts.
Run Time: 0.845 seconds
Queens: 25
Solution: (0,0) (1,3) (2,5) (2,12) (4,11) (6,7) (8,13) (8,19) (9,2) (9,4) (10,8) (13,18) (15,9) (16,6) (17,10) (17,15) (17,23) (17,24) (18,20) (18,21) (19,16) (20,1) (21,14) (22,17) (23,22) 
# pairs of queens attacking each other: 20

Solution: (0,0) (1,3) (2,5) (2,12) (4,11) (5,1) (6,7) (8,13) (8,19) (9,2) (9,4) (10,8) (13,18) (15,9) (16,6) (17,10) (17,15) (17,23) (17,24) (18,20) (18,21) (19,16) (21,14) (22,17) (23,22) 
# pairs of queens attacking each other: 19

Solution: (0,0) (1,3) (2,5) (2,12) (4,11) (5,1) (6,7) (8,13) (8,19) (9,4) (10,8) (13,18) (14,2) (15,9) (16,6) (17,10) (17,15) (17,23) (17,24) (18,20) (18,21) (19,16) (21,14) (22,17) (23,22) 
# pairs of queens attacking each other: 17

Solution: (0,0) (2,5) (2,12) (4,11) (5,1) (6,7) (8,13) (8,19) (9,4) (10,8) (13,18) (14,2) (15,9) (16,6) (17,10) (17,15) (17,23) (17,24) (18,20) (18,21) (19,16) (20,3) (21,14) (22,17) (23,22) 
# pairs of queens attacking each other: 16

Solution: (0,0) (2,5) (2,12) (4,11) (5,1) (6,7) (8,13) (8,19) (10,8) (13,18) (14,2) (15,9) (16,6) (17,10) (17,15) (17,23) (17,24) (18,20) (18,21) (19,16) (20,3) (21,14) (22,17) (23,22) (24,4) 
# pairs of queens attacking each other: 14

Solution: (0,0) (1,5) (2,12) (4,11) (5,1) (6,7) (8,13) (8,19) (10,8) (13,18) (14,2) (15,9) (16,6) (17,10) (17,15) (17,23) (17,24) (18,20) (18,21) (19,16) (20,3) (21,14) (22,17) (23,22) (24,4) 
# pairs of queens attacking each other: 13

Solution: (0,0) (1,5) (2,12) (4,11) (5,1) (6,7) (8,13) (8,19) (10,8) (13,18) (14,2) (15,9) (16,6) (17,10) (17,15) (17,23) (17,24) (18,20) (18,21) (19,16) (20,3) (21,14) (22,17) (23,22) (24,4) 
# pairs of queens attacking each other: 13


Solution: (0,0) (1,5) (2,12) (4,11) (5,1) (6,7) (8,13) (8,19) (10,8) (13,18) (14,2) (15,9) (16,6) (17,10) (17,15) (17,23) (17,24) (18,20) (18,21) (19,16) (20,3) (21,14) (22,17) (23,22) (24,4) 
# pairs of queens attacking each other: 13


Solution: (0,0) (1,5) (2,12) (4,11) (5,1) (6,7) (8,13) (8,19) (10,8) (13,18) (14,2) (15,9) (16,6) (17,10) (17,15) (17,23) (17,24) (18,20) (18,21) (19,16) (20,3) (21,14) (22,17) (23,22) (24,4) 
# pairs of queens attacking each other: 13


Solution: (0,0) (1,5) (2,12) (4,11) (5,1) (6,7) (8,13) (8,19) (10,8) (13,18) (14,2) (15,9) (16,6) (17,10) (17,15) (17,23) (17,24) (18,20) (18,21) (19,16) (20,3) (21,14) (22,17) (23,22) (24,4) 
# pairs of queens attacking each other: 13


Solution: (0,0) (1,5) (1,10) (2,12) (4,11) (5,1) (6,7) (8,13) (8,19) (10,8) (13,18) (14,2) (15,9) (16,6) (17,15) (17,23) (17,24) (18,20) (18,21) (19,16) (20,3) (21,14) (22,17) (23,22) (24,4) 
# pairs of queens attacking each other: 11

Solution: (0,0) (1,5) (1,10) (2,12) (4,11) (5,1) (6,7) (8,13) (8,19) (10,8) (13,18) (14,2) (15,9) (16,6) (17,15) (17,23) (17,24) (18,20) (18,21) (19,16) (20,3) (21,14) (22,17) (23,22) (24,4) 
# pairs of queens attacking each other: 11


Solution: (0,0) (1,5) (1,10) (2,12) (4,11) (5,1) (6,7) (8,13) (8,19) (10,8) (13,18) (14,2) (15,9) (16,6) (17,15) (17,23) (17,24) (18,20) (18,21) (19,16) (20,3) (21,14) (22,17) (23,22) (24,4) 
# pairs of queens attacking each other: 11


Solution: (0,0) (1,5) (1,10) (2,12) (4,11) (5,1) (6,7) (7,13) (8,19) (10,8) (13,18) (14,2) (15,9) (16,6) (17,15) (17,23) (17,24) (18,20) (18,21) (19,16) (20,3) (21,14) (22,17) (23,22) (24,4) 
# pairs of queens attacking each other: 10

Solution: (0,0) (1,5) (1,10) (2,12) (4,11) (5,1) (6,7) (7,13) (8,19) (10,8) (13,18) (14,2) (15,9) (16,6) (17,15) (17,23) (17,24) (18,20) (18,21) (19,16) (20,3) (21,14) (22,17) (23,22) (24,4) 
# pairs of queens attacking each other: 10


Solution: (0,0) (1,5) (1,10) (2,12) (2,15) (4,11) (5,1) (6,7) (7,13) (8,19) (10,8) (13,18) (14,2) (15,9) (16,6) (17,23) (17,24) (18,20) (18,21) (19,16) (20,3) (21,14) (22,17) (23,22) (24,4) 
# pairs of queens attacking each other: 9

Solution: (0,0) (1,5) (1,10) (2,12) (2,15) (4,11) (5,1) (6,7) (7,13) (8,19) (10,8) (13,18) (14,2) (15,9) (16,6) (17,23) (17,24) (18,20) (18,21) (19,16) (20,3) (21,14) (22,17) (23,22) (24,4) 
# pairs of queens attacking each other: 9


Solution: (0,0) (1,5) (1,10) (2,12) (2,15) (4,11) (5,1) (6,7) (7,13) (8,19) (9,17) (10,8) (13,18) (14,2) (15,9) (16,6) (17,23) (17,24) (18,20) (18,21) (19,16) (20,3) (21,14) (23,22) (24,4) 
# pairs of queens attacking each other: 8

Solution: (0,0) (1,5) (1,10) (2,12) (2,15) (4,11) (5,1) (6,7) (7,13) (8,19) (9,17) (10,8) (13,18) (14,2) (15,9) (16,6) (17,23) (17,24) (18,20) (18,21) (19,16) (20,3) (21,14) (23,22) (24,4) 
# pairs of queens attacking each other: 8


Solution: (0,0) (1,5) (1,10) (2,12) (2,15) (4,11) (5,1) (6,7) (7,13) (8,19) (9,17) (10,8) (13,18) (14,2) (15,9) (16,6) (17,23) (17,24) (18,20) (18,21) (19,16) (20,3) (21,14) (23,22) (24,4) 
# pairs of queens attacking each other: 8


Solution: (0,0) (1,5) (1,10) (2,12) (2,15) (4,11) (5,1) (6,7) (7,13) (8,19) (9,17) (10,8) (13,18) (14,2) (15,9) (16,6) (17,23) (17,24) (18,20) (18,21) (19,16) (20,3) (21,14) (23,22) (24,4) 
# pairs of queens attacking each other: 8


Solution: (0,0) (1,5) (1,10) (2,12) (2,15) (4,11) (5,1) (6,7) (7,13) (8,19) (9,17) (10,8) (13,18) (14,2) (15,9) (16,6) (17,23) (17,24) (18,20) (18,21) (19,16) (20,3) (21,14) (23,22) (24,4) 
# pairs of queens attacking each other: 8


Solution: (0,0) (1,5) (1,10) (2,12) (2,15) (4,11) (5,1) (6,7) (7,13) (8,19) (9,17) (10,8) (13,18) (14,2) (15,9) (16,6) (17,23) (17,24) (18,20) (18,21) (19,16) (20,3) (21,14) (23,22) (24,4) 
# pairs of queens attacking each other: 8


Solution: (0,0) (1,5) (1,10) (2,12) (2,15) (4,11) (5,1) (6,7) (7,13) (8,19) (9,17) (10,8) (11,23) (13,18) (14,2) (15,9) (16,6) (17,24) (18,20) (18,21) (19,16) (20,3) (21,14) (23,22) (24,4) 
# pairs of queens attacking each other: 6

Solution: (0,0) (1,5) (1,10) (2,12) (2,15) (4,11) (5,1) (6,7) (7,13) (8,19) (9,17) (10,8) (11,23) (13,18) (14,2) (15,9) (16,6) (17,24) (18,20) (18,21) (19,16) (20,3) (21,14) (23,22) (24,4) 
# pairs of queens attacking each other: 6

Done in 1 restarts.
Run Time: 1.611 seconds
Queens: 25
Solution: (0,13) (1,2) (1,20) (1,21) (4,14) (6,6) (8,9) (8,12) (8,17) (9,16) (10,15) (12,1) (14,3) (14,8) (14,11) (14,18) (14,19) (15,0) (16,23) (18,10) (20,4) (21,7) (21,24) (23,5) (23,22) 
# pairs of queens attacking each other: 24


Solution: (0,13) (1,2) (1,20) (1,21) (3,1) (4,14) (6,6) (8,9) (8,12) (8,17) (9,16) (10,15) (14,3) (14,8) (14,11) (14,18) (14,19) (15,0) (16,23) (18,10) (20,4) (21,7) (21,24) (23,5) (23,22) 
# pairs of queens attacking each other: 22

Solution: (0,13) (1,20) (1,21) (3,1) (4,14) (6,6) (7,2) (8,9) (8,12) (8,17) (9,16) (10,15) (14,3) (14,8) (14,11) (14,18) (14,19) (15,0) (16,23) (18,10) (20,4) (21,7) (21,24) (23,5) (23,22) 
# pairs of queens attacking each other: 20

Solution: (0,13) (1,20) (1,21) (3,1) (4,14) (6,6) (7,2) (8,9) (8,12) (8,17) (9,16) (10,15) (13,3) (14,8) (14,11) (14,18) (14,19) (15,0) (16,23) (18,10) (20,4) (21,7) (21,24) (23,5) (23,22) 
# pairs of queens attacking each other: 18

Solution: (0,13) (1,20) (1,21) (3,1) (4,14) (6,6) (7,2) (8,9) (8,12) (8,17) (9,16) (10,15) (13,3) (14,8) (14,11) (14,18) (14,19) (15,0) (16,23) (18,10) (20,4) (21,7) (21,24) (23,5) (23,22) 
# pairs of queens attacking each other: 18


Solution: (0,13) (1,20) (1,21) (3,1) (4,14) (6,6) (7,2) (8,9) (8,12) (8,17) (9,16) (10,15) (13,3) (14,8) (14,11) (14,18) (14,19) (15,0) (16,23) (18,10) (20,4) (21,7) (21,24) (22,5) (23,22) 
# pairs of queens attacking each other: 16

Solution: (0,13) (1,20) (1,21) (3,1) (4,14) (6,6) (7,2) (8,9) (8,12) (8,17) (9,16) (10,15) (13,3) (14,8) (14,11) (14,18) (14,19) (15,0) (16,23) (18,10) (20,4) (21,7) (21,24) (22,5) (23,22) 
# pairs of queens attacking each other: 16


Solution: (0,13) (1,20) (1,21) (3,1) (4,14) (6,6) (7,2) (8,9) (8,12) (8,17) (9,16) (10,15) (13,3) (14,8) (14,11) (14,18) (14,19) (15,0) (16,23) (18,10) (19,7) (20,4) (21,24) (22,5) (23,22) 
# pairs of queens attacking each other: 14

Solution: (0,13) (1,20) (1,21) (2,8) (3,1) (4,14) (6,6) (7,2) (8,9) (8,12) (8,17) (9,16) (10,15) (13,3) (14,11) (14,18) (14,19) (15,0) (16,23) (18,10) (19,7) (20,4) (21,24) (22,5) (23,22) 
# pairs of queens attacking each other: 12

Solution: (0,13) (1,20) (1,21) (2,8) (3,1) (4,14) (6,6) (7,2) (8,9) (8,12) (8,17) (9,16) (10,15) (13,3) (14,11) (14,18) (14,19) (15,0) (16,23) (18,10) (19,7) (20,4) (21,24) (22,5) (23,22) 
# pairs of queens attacking each other: 12


Solution: (0,13) (1,20) (1,21) (2,8) (3,1) (4,14) (6,6) (7,2) (8,9) (8,12) (8,17) (9,16) (10,15) (13,3) (14,11) (14,18) (14,19) (15,0) (16,23) (18,10) (19,7) (20,4) (21,24) (22,5) (23,22) 
# pairs of queens attacking each other: 12


Solution: (0,13) (1,20) (1,21) (2,8) (3,1) (4,14) (6,6) (7,2) (8,9) (8,12) (8,17) (9,16) (10,15) (13,3) (14,18) (14,19) (15,0) (16,23) (18,10) (19,7) (20,4) (21,24) (22,5) (23,22) (24,11) 
# pairs of queens attacking each other: 10

Solution: (0,13) (1,20) (1,21) (2,8) (3,1) (4,14) (6,6) (7,2) (8,9) (8,17) (9,16) (10,15) (11,12) (13,3) (14,18) (14,19) (15,0) (16,23) (18,10) (19,7) (20,4) (21,24) (22,5) (23,22) (24,11) 
# pairs of queens attacking each other: 9

Solution: (0,13) (1,20) (1,21) (2,8) (3,1) (4,14) (6,6) (7,2) (8,9) (8,17) (9,16) (10,15) (11,12) (13,3) (14,18) (14,19) (15,0) (16,23) (18,10) (19,7) (20,4) (21,24) (22,5) (23,22) (24,11) 
# pairs of queens attacking each other: 9


Solution: (0,13) (1,20) (1,21) (2,8) (3,1) (4,14) (6,6) (7,2) (8,9) (8,17) (9,16) (10,15) (11,12) (13,3) (14,18) (14,19) (15,0) (16,23) (18,10) (19,7) (20,4) (21,24) (22,5) (23,22) (24,11) 
# pairs of queens attacking each other: 9


Solution: (0,13) (1,20) (1,21) (2,8) (3,1) (4,14) (4,15) (6,6) (7,2) (8,9) (8,17) (9,16) (11,12) (13,3) (14,18) (14,19) (15,0) (16,23) (18,10) (19,7) (20,4) (21,24) (22,5) (23,22) (24,11) 
# pairs of queens attacking each other: 8

Solution: (0,13) (1,20) (1,21) (2,8) (3,1) (4,14) (4,15) (4,16) (6,6) (7,2) (8,9) (8,17) (11,12) (13,3) (14,18) (14,19) (15,0) (16,23) (18,10) (19,7) (20,4) (21,24) (22,5) (23,22) (24,11) 
# pairs of queens attacking each other: 7

Solution: (0,13) (1,20) (1,21) (2,8) (3,1) (4,14) (4,15) (4,16) (6,6) (7,2) (8,9) (8,17) (11,12) (13,3) (14,18) (14,19) (15,0) (16,23) (18,10) (19,7) (20,4) (21,24) (22,5) (23,22) (24,11) 
# pairs of queens attacking each other: 7


Solution: (0,13) (1,20) (1,21) (2,8) (3,1) (4,14) (4,15) (4,16) (6,6) (7,2) (8,9) (8,17) (11,12) (13,3) (14,18) (14,19) (15,0) (16,23) (18,10) (19,7) (20,4) (21,24) (22,5) (23,22) (24,11) 
# pairs of queens attacking each other: 7


Solution: (0,13) (1,20) (1,21) (2,8) (3,1) (4,14) (4,15) (4,16) (6,6) (7,2) (8,9) (8,17) (11,12) (13,3) (14,18) (15,0) (16,23) (17,19) (18,10) (19,7) (20,4) (21,24) (22,5) (23,22) (24,11) 
# pairs of queens attacking each other: 6

Solution: (0,13) (1,20) (1,21) (2,8) (3,1) (4,14) (4,15) (4,16) (6,6) (7,2) (8,9) (8,17) (11,12) (13,3) (14,18) (15,0) (16,23) (17,19) (18,10) (19,7) (20,4) (21,24) (22,5) (23,22) (24,11) 
# pairs of queens attacking each other: 6


Solution: (0,13) (1,20) (1,21) (2,8) (3,1) (4,14) (4,15) (4,16) (6,6) (7,2) (8,9) (8,17) (11,12) (13,3) (14,18) (15,0) (16,23) (17,19) (18,10) (19,7) (20,4) (21,24) (22,5) (23,22) (24,11) 
# pairs of queens attacking each other: 6


Solution: (0,13) (1,20) (1,21) (2,8) (3,1) (4,14) (4,15) (4,16) (6,6) (7,2) (8,9) (8,17) (11,12) (13,3) (14,18) (15,0) (16,23) (17,19) (18,10) (19,7) (20,4) (21,24) (22,5) (23,22) (24,11) 
# pairs of queens attacking each other: 6


Solution: (0,13) (1,20) (1,21) (2,8) (3,1) (4,14) (4,15) (4,16) (6,6) (7,2) (8,9) (8,17) (11,12) (13,3) (14,18) (15,0) (16,23) (17,19) (18,10) (19,7) (20,4) (21,24) (22,5) (23,22) (24,11) 
# pairs of queens attacking each other: 6


Solution: (0,13) (1,20) (1,21) (2,8) (3,1) (4,14) (4,15) (4,16) (6,6) (7,2) (8,9) (8,17) (9,24) (11,12) (13,3) (14,18) (15,0) (16,23) (17,19) (18,10) (19,7) (20,4) (22,5) (23,22) (24,11) 
# pairs of queens attacking each other: 5
Done in 2 restarts.
Run Time: 2.393 seconds
Queens: 25
Solution: (0,15) (1,1) (2,10) (6,2) (7,16) (8,14) (9,11) (11,18) (12,21) (12,23) (13,17) (14,0) (15,4) (15,5) (15,6) (15,24) (19,3) (19,12) (20,7) (22,13) (23,8) (23,20) (24,9) (24,19) (24,22) 
# pairs of queens attacking each other: 18

Solution: (0,15) (1,1) (2,10) (6,2) (7,16) (8,14) (9,11) (11,18) (12,21) (12,23) (13,17) (14,0) (15,4) (15,5) (15,6) (15,24) (19,3) (19,12) (20,7) (22,13) (23,8) (23,20) (24,9) (24,19) (24,22) 
# pairs of queens attacking each other: 18


Solution: (0,15) (1,1) (2,10) (6,2) (7,16) (8,14) (9,11) (11,18) (12,21) (12,23) (13,17) (14,0) (15,4) (15,5) (15,6) (15,24) (19,3) (19,12) (20,7) (22,13) (23,8) (23,20) (24,9) (24,19) (24,22) 
# pairs of queens attacking each other: 18


Solution: (0,15) (1,1) (2,10) (4,3) (6,2) (7,16) (8,14) (9,11) (11,18) (12,21) (12,23) (13,17) (14,0) (15,4) (15,5) (15,6) (15,24) (19,12) (20,7) (22,13) (23,8) (23,20) (24,9) (24,19) (24,22) 
# pairs of queens attacking each other: 16

Solution: (0,15) (1,1) (2,10) (4,3) (6,2) (7,16) (8,14) (9,11) (11,18) (12,21) (12,23) (13,17) (14,0) (15,5) (15,6) (15,24) (19,12) (20,7) (21,4) (22,13) (23,8) (23,20) (24,9) (24,19) (24,22) 
# pairs of queens attacking each other: 15

Solution: (0,5) (0,15) (1,1) (2,10) (4,3) (6,2) (7,16) (8,14) (9,11) (11,18) (12,21) (12,23) (13,17) (14,0) (15,6) (15,24) (19,12) (20,7) (21,4) (22,13) (23,8) (23,20) (24,9) (24,19) (24,22) 
# pairs of queens attacking each other: 14

Solution: (0,5) (0,15) (1,1) (2,10) (3,6) (4,3) (6,2) (7,16) (8,14) (9,11) (11,18) (12,21) (12,23) (13,17) (14,0) (15,24) (19,12) (20,7) (21,4) (22,13) (23,8) (23,20) (24,9) (24,19) (24,22) 
# pairs of queens attacking each other: 12

Solution: (0,5) (0,15) (1,1) (2,10) (3,6) (4,3) (6,2) (7,16) (8,14) (9,11) (11,18) (12,21) (12,23) (13,17) (14,0) (15,24) (19,12) (20,7) (21,4) (22,13) (23,8) (23,20) (24,9) (24,19) (24,22) 
# pairs of queens attacking each other: 12


Solution: (0,5) (0,15) (1,1) (2,10) (3,6) (4,3) (6,2) (7,16) (8,14) (9,11) (11,18) (12,21) (12,23) (13,17) (14,0) (15,24) (16,8) (19,12) (20,7) (21,4) (22,13) (23,20) (24,9) (24,19) (24,22) 
# pairs of queens attacking each other: 9

Solution: (0,5) (0,15) (1,1) (2,10) (3,6) (4,3) (6,2) (7,16) (8,9) (8,14) (9,11) (11,18) (12,21) (12,23) (13,17) (14,0) (15,24) (16,8) (19,12) (20,7) (21,4) (22,13) (23,20) (24,19) (24,22) 
# pairs of queens attacking each other: 8

Solution: (0,5) (0,15) (1,1) (2,10) (3,6) (4,3) (6,2) (7,16) (8,9) (8,14) (9,11) (11,18) (12,21) (12,23) (13,17) (14,0) (15,24) (16,8) (19,12) (20,7) (21,4) (22,13) (23,20) (24,19) (24,22) 
# pairs of queens attacking each other: 8


Solution: (0,5) (0,15) (1,1) (2,10) (3,6) (4,3) (6,2) (7,16) (8,9) (8,14) (9,11) (11,18) (12,21) (12,23) (13,17) (14,0) (15,24) (16,8) (19,12) (20,7) (21,4) (22,13) (23,20) (24,19) (24,22) 
# pairs of queens attacking each other: 8


Solution: (0,5) (0,15) (1,1) (2,10) (3,6) (4,3) (6,2) (7,16) (8,9) (8,14) (9,11) (11,18) (12,21) (12,23) (13,17) (14,0) (15,24) (16,8) (19,12) (20,7) (21,4) (22,13) (23,20) (24,19) (24,22) 
# pairs of queens attacking each other: 8


Solution: (0,5) (0,15) (1,1) (2,10) (3,6) (4,3) (6,2) (7,16) (8,9) (8,14) (9,11) (11,18) (12,21) (12,23) (13,17) (14,0) (15,24) (16,8) (19,12) (20,7) (21,4) (22,13) (23,20) (24,19) (24,22) 
# pairs of queens attacking each other: 8


Solution: (0,5) (0,15) (1,1) (2,10) (3,6) (4,3) (6,2) (7,16) (8,9) (8,14) (9,11) (11,18) (12,21) (12,23) (13,17) (14,0) (15,24) (16,8) (19,12) (20,7) (21,4) (22,13) (23,20) (24,19) (24,22) 
# pairs of queens attacking each other: 8


Solution: (0,5) (0,15) (1,1) (2,10) (3,6) (4,3) (6,2) (7,16) (8,9) (8,14) (9,11) (11,18) (12,21) (12,23) (13,17) (14,0) (15,24) (16,8) (19,12) (20,7) (21,4) (22,13) (23,20) (24,19) (24,22) 
# pairs of queens attacking each other: 8


Solution: (0,5) (0,15) (1,1) (2,10) (3,6) (4,3) (6,2) (7,16) (8,9) (8,14) (9,11) (11,18) (12,21) (12,23) (13,17) (14,0) (15,24) (16,8) (19,12) (20,7) (21,4) (22,13) (23,20) (24,19) (24,22) 
# pairs of queens attacking each other: 8


Solution: (0,5) (0,15) (1,1) (2,10) (3,6) (4,3) (6,2) (7,16) (8,9) (8,14) (9,11) (11,18) (12,21) (12,23) (13,17) (14,0) (15,24) (16,8) (19,12) (20,7) (21,4) (22,13) (23,20) (24,19) (24,22) 
# pairs of queens attacking each other: 8


Solution: (0,5) (0,15) (1,1) (2,10) (3,6) (4,3) (6,2) (7,16) (8,9) (8,14) (9,11) (11,18) (12,21) (12,23) (13,17) (14,0) (15,24) (16,8) (19,12) (20,7) (21,4) (22,13) (23,20) (24,19) (24,22) 
# pairs of queens attacking each other: 8


Solution: (0,5) (0,15) (0,19) (1,1) (2,10) (3,6) (4,3) (6,2) (7,16) (8,9) (8,14) (9,11) (11,18) (12,21) (12,23) (13,17) (14,0) (15,24) (16,8) (19,12) (20,7) (21,4) (22,13) (23,20) (24,22) 
# pairs of queens attacking each other: 7

Solution: (0,5) (0,15) (0,19) (1,1) (2,10) (3,6) (4,3) (6,2) (7,16) (8,9) (8,14) (9,11) (11,18) (12,21) (12,23) (13,17) (14,0) (15,24) (16,8) (19,12) (20,7) (21,4) (22,13) (23,20) (24,22) 
# pairs of queens attacking each other: 7


Solution: (0,5) (0,15) (0,19) (1,1) (2,10) (3,6) (4,3) (5,21) (6,2) (7,16) (8,9) (8,14) (9,11) (11,18) (12,23) (13,17) (14,0) (15,24) (16,8) (19,12) (20,7) (21,4) (22,13) (23,20) (24,22) 
# pairs of queens attacking each other: 5

Solution: (0,5) (0,15) (0,19) (1,1) (2,10) (3,6) (4,3) (5,21) (6,2) (7,16) (8,9) (8,14) (9,11) (11,18) (12,23) (13,17) (14,0) (15,24) (16,8) (19,12) (20,7) (21,4) (22,13) (23,20) (24,22) 
# pairs of queens attacking each other: 5


Solution: (0,5) (0,15) (0,19) (1,1) (2,10) (3,6) (4,3) (5,21) (6,2) (7,16) (8,9) (8,14) (9,11) (10,23) (11,18) (13,17) (14,0) (15,24) (16,8) (19,12) (20,7) (21,4) (22,13) (23,20) (24,22) 
# pairs of queens attacking each other: 4

Solution: (0,5) (0,15) (0,19) (1,1) (2,10) (3,6) (4,3) (5,21) (6,2) (7,16) (8,9) (8,14) (9,11) (10,23) (11,18) (12,24) (13,17) (14,0) (16,8) (19,12) (20,7) (21,4) (22,13) (23,20) (24,22) 
# pairs of queens attacking each other: 3
Done in 3 restarts.
Run Time: 3.146 seconds
Queens: 25
Solution: (1,22) (2,3) (2,19) (4,24) (5,2) (6,0) (7,13) (9,12) (11,15) (12,17) (13,20) (15,8) (15,10) (15,14) (16,4) (16,7) (16,21) (17,9) (18,6) (18,18) (18,23) (19,11) (19,16) (23,5) (24,1) 
# pairs of queens attacking each other: 21

Solution: (1,22) (2,3) (2,19) (3,1) (4,24) (5,2) (6,0) (7,13) (9,12) (11,15) (12,17) (13,20) (15,8) (15,10) (15,14) (16,4) (16,7) (16,21) (17,9) (18,6) (18,18) (18,23) (19,11) (19,16) (23,5) 
# pairs of queens attacking each other: 20

Solution: (0,2) (1,22) (2,3) (2,19) (3,1) (4,24) (6,0) (7,13) (9,12) (11,15) (12,17) (13,20) (15,8) (15,10) (15,14) (16,4) (16,7) (16,21) (17,9) (18,6) (18,18) (18,23) (19,11) (19,16) (23,5) 
# pairs of queens attacking each other: 19

Solution: (0,2) (1,22) (2,19) (3,1) (4,24) (6,0) (7,13) (9,12) (11,15) (12,17) (13,20) (14,3) (15,8) (15,10) (15,14) (16,4) (16,7) (16,21) (17,9) (18,6) (18,18) (18,23) (19,11) (19,16) (23,5) 
# pairs of queens attacking each other: 18

Solution: (0,2) (1,22) (2,19) (3,1) (4,24) (6,0) (7,13) (8,4) (9,12) (11,15) (12,17) (13,20) (14,3) (15,8) (15,10) (15,14) (16,7) (16,21) (17,9) (18,6) (18,18) (18,23) (19,11) (19,16) (23,5) 
# pairs of queens attacking each other: 15

Solution: (0,2) (1,22) (2,19) (3,1) (4,24) (6,0) (7,13) (8,4) (9,12) (11,15) (12,17) (13,20) (14,3) (15,8) (15,10) (15,14) (16,7) (16,21) (17,9) (18,6) (18,18) (18,23) (19,11) (19,16) (22,5) 
# pairs of queens attacking each other: 14

Solution: (0,2) (1,22) (2,19) (3,1) (4,24) (5,6) (6,0) (7,13) (8,4) (9,12) (11,15) (12,17) (13,20) (14,3) (15,8) (15,10) (15,14) (16,7) (16,21) (17,9) (18,18) (18,23) (19,11) (19,16) (22,5) 
# pairs of queens attacking each other: 13

Solution: (0,2) (1,22) (2,19) (3,1) (4,24) (5,6) (6,0) (7,13) (8,4) (9,12) (11,15) (12,17) (13,20) (14,3) (15,8) (15,10) (15,14) (16,21) (17,7) (17,9) (18,18) (18,23) (19,11) (19,16) (22,5) 
# pairs of queens attacking each other: 12

Solution: (0,2) (1,22) (2,19) (3,1) (4,24) (5,6) (6,0) (7,13) (8,4) (9,12) (11,15) (12,17) (13,20) (14,3) (15,10) (15,14) (16,21) (17,7) (17,9) (18,18) (18,23) (19,11) (19,16) (22,5) (23,8) 
# pairs of queens attacking each other: 10

Solution: (0,2) (0,9) (1,22) (2,19) (3,1) (4,24) (5,6) (6,0) (7,13) (8,4) (9,12) (11,15) (12,17) (13,20) (14,3) (15,10) (15,14) (16,21) (17,7) (18,18) (18,23) (19,11) (19,16) (22,5) (23,8) 
# pairs of queens attacking each other: 8

Solution: (0,2) (0,9) (1,22) (2,19) (3,1) (4,24) (5,6) (6,0) (7,13) (8,4) (9,12) (11,15) (12,17) (13,20) (14,3) (15,14) (16,21) (17,7) (18,18) (18,23) (19,11) (19,16) (22,5) (23,8) (24,10) 
# pairs of queens attacking each other: 7

Solution: (0,2) (0,9) (1,22) (2,19) (3,1) (4,24) (5,6) (6,0) (7,13) (8,4) (9,12) (11,15) (12,17) (13,20) (14,3) (15,14) (16,21) (17,7) (18,18) (18,23) (19,11) (19,16) (22,5) (23,8) (24,10) 
# pairs of queens attacking each other: 7


Solution: (0,2) (0,9) (1,22) (2,19) (3,1) (4,24) (5,6) (6,0) (7,13) (8,4) (9,12) (11,15) (12,17) (13,20) (14,3) (15,14) (16,21) (17,7) (18,18) (18,23) (19,11) (19,16) (22,5) (23,8) (24,10) 
# pairs of queens attacking each other: 7


Solution: (0,2) (0,9) (1,22) (2,19) (3,1) (4,24) (5,6) (6,0) (7,13) (8,4) (9,12) (11,15) (12,17) (13,20) (14,3) (15,14) (16,21) (17,7) (18,18) (18,23) (19,11) (19,16) (22,5) (23,8) (24,10) 
# pairs of queens attacking each other: 7


Solution: (0,2) (0,9) (1,22) (2,19) (3,1) (4,24) (5,6) (6,0) (7,13) (8,4) (9,12) (11,15) (12,17) (13,20) (14,3) (15,14) (16,21) (17,7) (18,18) (18,23) (19,11) (19,16) (22,5) (23,8) (24,10) 
# pairs of queens attacking each other: 7


Solution: (0,2) (0,9) (1,22) (2,19) (3,1) (4,24) (5,6) (6,0) (7,13) (8,4) (9,12) (11,15) (12,17) (13,20) (14,3) (15,14) (16,21) (17,7) (18,18) (18,23) (19,11) (19,16) (22,5) (23,8) (24,10) 
# pairs of queens attacking each other: 7


Solution: (0,2) (0,9) (1,22) (2,19) (3,1) (4,24) (5,6) (6,0) (7,13) (8,4) (9,12) (11,15) (12,17) (13,20) (14,3) (15,14) (16,21) (17,7) (18,18) (18,23) (19,11) (19,16) (22,5) (23,8) (24,10) 
# pairs of queens attacking each other: 7


Solution: (0,2) (0,9) (1,17) (1,22) (2,19) (3,1) (4,24) (5,6) (6,0) (7,13) (8,4) (9,12) (11,15) (13,20) (14,3) (15,14) (16,21) (17,7) (18,18) (18,23) (19,11) (19,16) (22,5) (23,8) (24,10) 
# pairs of queens attacking each other: 6

Solution: (0,2) (0,9) (1,17) (1,22) (2,19) (3,1) (4,24) (5,6) (6,0) (7,13) (8,4) (9,12) (11,15) (13,20) (14,3) (15,14) (16,21) (17,7) (18,18) (18,23) (19,11) (19,16) (22,5) (23,8) (24,10) 
# pairs of queens attacking each other: 6


Solution: (0,2) (0,9) (1,17) (1,22) (2,19) (3,1) (4,24) (5,6) (6,0) (7,13) (8,4) (9,12) (11,15) (13,20) (14,3) (15,14) (16,21) (17,7) (18,18) (18,23) (19,11) (19,16) (22,5) (23,8) (24,10) 
# pairs of queens attacking each other: 6


Solution: (0,2) (0,9) (1,17) (1,22) (2,19) (3,1) (4,24) (5,6) (6,0) (7,13) (8,4) (9,12) (11,15) (13,20) (14,3) (15,14) (16,21) (17,7) (18,18) (18,23) (19,11) (19,16) (22,5) (23,8) (24,10) 
# pairs of queens attacking each other: 6


Solution: (0,2) (0,9) (1,17) (1,22) (2,19) (3,1) (4,24) (5,6) (6,0) (7,13) (8,4) (9,12) (11,15) (13,20) (14,3) (15,14) (16,21) (17,7) (18,18) (18,23) (19,11) (19,16) (22,5) (23,8) (24,10) 
# pairs of queens attacking each other: 6


Solution: (0,2) (0,9) (1,17) (2,19) (3,1) (4,24) (5,6) (6,0) (7,13) (8,4) (9,12) (10,22) (11,15) (13,20) (14,3) (15,14) (16,21) (17,7) (18,18) (18,23) (19,11) (19,16) (22,5) (23,8) (24,10) 
# pairs of queens attacking each other: 5

Solution: (0,2) (0,9) (0,23) (1,17) (2,19) (3,1) (4,24) (5,6) (6,0) (7,13) (8,4) (9,12) (10,22) (11,15) (13,20) (14,3) (15,14) (16,21) (17,7) (18,18) (19,11) (19,16) (22,5) (23,8) (24,10) 
# pairs of queens attacking each other: 4

Solution: (0,2) (0,9) (0,23) (1,17) (2,19) (3,1) (4,24) (5,6) (6,0) (7,13) (8,4) (9,12) (10,22) (11,15) (13,20) (14,3) (15,14) (16,21) (17,7) (18,18) (19,11) (19,16) (22,5) (23,8) (24,10) 
# pairs of queens attacking each other: 4

Done in 4 restarts.
Run Time: 3.913 seconds
Queens: 25
Solution: (0,0) (2,1) (4,11) (6,23) (8,21) (9,10) (9,15) (9,16) (9,20) (10,3) (10,13) (10,19) (11,6) (11,7) (12,14) (12,17) (12,24) (13,2) (13,4) (14,22) (16,8) (19,5) (21,9) (21,18) (24,12) 
# pairs of queens attacking each other: 22

Solution: (0,0) (2,1) (4,11) (6,23) (8,21) (9,10) (9,15) (9,16) (9,20) (10,3) (10,13) (10,19) (11,6) (11,7) (12,14) (12,17) (12,24) (13,2) (13,4) (14,22) (16,8) (19,5) (21,9) (21,18) (24,12) 
# pairs of queens attacking each other: 22


Solution: (0,0) (2,1) (4,11) (6,23) (8,21) (9,10) (9,15) (9,16) (9,20) (10,3) (10,13) (10,19) (11,6) (11,7) (12,14) (12,17) (12,24) (13,4) (14,22) (16,8) (18,2) (19,5) (21,9) (21,18) (24,12) 
# pairs of queens attacking each other: 20

Solution: (0,0) (2,1) (4,11) (5,3) (6,23) (8,21) (9,10) (9,15) (9,16) (9,20) (10,13) (10,19) (11,6) (11,7) (12,14) (12,17) (12,24) (13,4) (14,22) (16,8) (18,2) (19,5) (21,9) (21,18) (24,12) 
# pairs of queens attacking each other: 19

Solution: (0,0) (2,1) (4,11) (5,3) (6,23) (8,21) (9,10) (9,15) (9,16) (9,20) (10,13) (10,19) (11,6) (11,7) (12,14) (12,17) (12,24) (14,22) (16,8) (17,4) (18,2) (19,5) (21,9) (21,18) (24,12) 
# pairs of queens attacking each other: 18

Solution: (0,0) (1,5) (2,1) (4,11) (5,3) (6,23) (8,21) (9,10) (9,15) (9,16) (9,20) (10,13) (10,19) (11,6) (11,7) (12,14) (12,17) (12,24) (14,22) (16,8) (17,4) (18,2) (21,9) (21,18) (24,12) 
# pairs of queens attacking each other: 17

Solution: (0,0) (1,5) (2,1) (4,11) (5,3) (6,23) (8,21) (9,10) (9,15) (9,16) (9,20) (10,13) (10,19) (11,6) (11,7) (12,14) (12,17) (12,24) (14,22) (16,8) (17,4) (18,2) (21,9) (21,18) (24,12) 
# pairs of queens attacking each other: 17


Solution: (0,0) (1,5) (2,1) (4,11) (5,3) (6,23) (8,21) (9,10) (9,15) (9,16) (9,20) (10,13) (10,19) (11,6) (11,7) (12,14) (12,17) (12,24) (14,22) (16,8) (17,4) (18,2) (21,9) (21,18) (24,12) 
# pairs of queens attacking each other: 17


Solution: (0,0) (1,5) (2,1) (4,11) (5,3) (6,23) (8,21) (9,10) (9,15) (9,16) (9,20) (10,13) (10,19) (11,6) (11,7) (12,14) (12,17) (12,24) (14,22) (17,4) (18,2) (19,8) (21,9) (21,18) (24,12) 
# pairs of queens attacking each other: 16

Solution: (0,0) (1,5) (2,1) (4,11) (5,3) (6,23) (8,21) (9,10) (9,15) (9,16) (9,20) (10,13) (10,19) (11,6) (11,7) (12,14) (12,17) (12,24) (14,22) (17,4) (18,2) (19,8) (21,18) (23,9) (24,12) 
# pairs of queens attacking each other: 14

Solution: (0,0) (1,5) (2,1) (4,11) (5,3) (6,23) (8,21) (9,15) (9,16) (9,20) (10,13) (10,19) (11,6) (11,7) (12,14) (12,17) (12,24) (14,22) (17,4) (18,2) (19,8) (20,10) (21,18) (23,9) (24,12) 
# pairs of queens attacking each other: 13

Solution: (0,0) (1,5) (2,1) (4,11) (5,3) (6,23) (8,21) (9,15) (9,16) (9,20) (10,13) (10,19) (11,6) (11,7) (12,14) (12,17) (12,24) (14,22) (17,4) (18,2) (19,8) (20,10) (21,18) (23,9) (24,12) 
# pairs of queens attacking each other: 13


Solution: (0,0) (1,5) (2,1) (4,11) (5,3) (6,23) (8,21) (9,15) (9,16) (9,20) (10,13) (10,19) (11,6) (11,7) (12,14) (12,17) (12,24) (14,22) (17,4) (18,2) (19,8) (20,10) (21,18) (23,9) (24,12) 
# pairs of queens attacking each other: 13


Solution: (0,0) (1,5) (2,1) (3,13) (4,11) (5,3) (6,23) (8,21) (9,15) (9,16) (9,20) (10,19) (11,6) (11,7) (12,14) (12,17) (12,24) (14,22) (17,4) (18,2) (19,8) (20,10) (21,18) (23,9) (24,12) 
# pairs of queens attacking each other: 12

Solution: (0,0) (1,5) (2,1) (3,13) (4,11) (5,3) (6,23) (8,21) (9,15) (9,16) (9,20) (10,19) (11,6) (11,7) (12,14) (12,17) (12,24) (14,22) (17,4) (18,2) (19,8) (20,10) (21,18) (23,9) (24,12) 
# pairs of queens attacking each other: 12


Solution: (0,0) (1,5) (2,1) (3,13) (4,11) (5,3) (6,23) (8,21) (9,16) (9,20) (10,19) (11,6) (11,7) (12,14) (12,17) (12,24) (14,22) (17,4) (18,2) (19,8) (20,10) (21,18) (22,15) (23,9) (24,12) 
# pairs of queens attacking each other: 11

Solution: (0,0) (1,5) (2,1) (3,13) (4,11) (5,3) (6,23) (8,21) (9,20) (10,19) (11,6) (11,7) (12,14) (12,17) (12,24) (14,22) (15,16) (17,4) (18,2) (19,8) (20,10) (21,18) (22,15) (23,9) (24,12) 
# pairs of queens attacking each other: 9

Solution: (0,0) (1,5) (2,1) (2,17) (3,13) (4,11) (5,3) (6,23) (8,21) (9,20) (10,19) (11,6) (11,7) (12,14) (12,24) (14,22) (15,16) (17,4) (18,2) (19,8) (20,10) (21,18) (22,15) (23,9) (24,12) 
# pairs of queens attacking each other: 8

Solution: (0,0) (1,5) (2,1) (2,17) (3,13) (4,11) (5,3) (6,23) (8,21) (9,20) (10,19) (11,6) (11,7) (12,14) (12,24) (14,22) (15,16) (17,4) (18,2) (19,8) (20,10) (21,18) (22,15) (23,9) (24,12) 
# pairs of queens attacking each other: 8


Solution: (0,0) (1,5) (2,1) (2,17) (3,13) (4,11) (5,3) (6,23) (8,21) (9,20) (11,6) (11,7) (12,14) (12,24) (14,22) (15,16) (16,19) (17,4) (18,2) (19,8) (20,10) (21,18) (22,15) (23,9) (24,12) 
# pairs of queens attacking each other: 7

Solution: (0,0) (1,5) (2,1) (2,17) (3,13) (4,11) (5,3) (6,23) (8,21) (9,20) (11,6) (11,7) (12,14) (12,24) (14,22) (15,16) (16,19) (17,4) (18,2) (19,8) (20,10) (21,18) (22,15) (23,9) (24,12) 
# pairs of queens attacking each other: 7


Solution: (0,0) (1,5) (2,1) (2,17) (3,13) (4,11) (5,3) (6,23) (7,21) (9,20) (11,6) (11,7) (12,14) (12,24) (14,22) (15,16) (16,19) (17,4) (18,2) (19,8) (20,10) (21,18) (22,15) (23,9) (24,12) 
# pairs of queens attacking each other: 6

Solution: (0,0) (1,5) (2,1) (2,17) (3,13) (4,11) (5,3) (6,23) (7,21) (9,20) (11,6) (11,7) (12,14) (12,24) (14,22) (15,16) (16,19) (17,4) (18,2) (19,8) (20,10) (21,18) (22,15) (23,9) (24,12) 
# pairs of queens attacking each other: 6


Solution: (0,0) (1,5) (2,1) (2,17) (3,13) (4,11) (5,3) (7,21) (9,20) (10,23) (11,6) (11,7) (12,14) (12,24) (14,22) (15,16) (16,19) (17,4) (18,2) (19,8) (20,10) (21,18) (22,15) (23,9) (24,12) 
# pairs of queens attacking each other: 5

Solution: (0,0) (0,24) (1,5) (2,1) (2,17) (3,13) (4,11) (5,3) (7,21) (9,20) (10,23) (11,6) (11,7) (12,14) (14,22) (15,16) (16,19) (17,4) (18,2) (19,8) (20,10) (21,18) (22,15) (23,9) (24,12) 
# pairs of queens attacking each other: 4
Done in 5 restarts.
Run Time: 4.697 seconds
Queens: 25