
Solution: (0,2) (0,14) (1,4) (1,16) (2,1) (5,7) (5,15) (6,0) (7,22) (8,5) (8,17) (9,13) (10,12) (10,24) (12,9) (12,19) (13,11) (15,10) (16,8) (17,20) (17,21) (20,6) (21,3) (22,18) (23,23) 
# pairs of queens attacking each other: 18

Solution: (0,2) (0,14) (1,4) (1,16) (2,1) (5,7) (5,15) (6,0) (7,22) (8,5) (8,17) (9,13) (10,12) (10,24) (12,9) (12,19) (13,11) (15,10) (16,8) (17,20) (17,21) (20,6) (21,3) (22,18) (23,23) 
# pairs of queens attacking each other: 18


Solution: (0,14) (1,4) (1,16) (2,1) (5,7) (5,15) (6,0) (7,22) (8,5) (8,17) (9,13) (10,12) (10,24) (12,9) (12,19) (13,11) (14,2) (15,10) (16,8) (17,20) (17,21) (20,6) (21,3) (22,18) (23,23) 
# pairs of queens attacking each other: 16

Solution: (0,14) (1,4) (1,16) (2,1) (5,7) (5,15) (6,0) (7,22) (8,5) (8,17) (9,13) (10,12) (10,24) (12,9) (12,19) (13,11) (14,2) (15,10) (16,8) (17,20) (17,21) (20,6) (22,18) (23,23) (24,3) 
# pairs of queens attacking each other: 15

Solution: (0,14) (1,16) (2,1) (3,4) (5,7) (5,15) (6,0) (7,22) (8,5) (8,17) (9,13) (10,12) (10,24) (12,9) (12,19) (13,11) (14,2) (15,10) (16,8) (17,20) (17,21) (20,6) (22,18) (23,23) (24,3) 
# pairs of queens attacking each other: 13

Solution: (0,14) (1,16) (2,1) (3,4) (5,7) (5,15) (6,0) (7,22) (8,17) (9,13) (10,12) (10,24) (12,9) (12,19) (13,11) (14,2) (15,10) (16,8) (17,20) (17,21) (18,5) (20,6) (22,18) (23,23) (24,3) 
# pairs of queens attacking each other: 11

Solution: (0,14) (1,16) (2,1) (3,4) (5,7) (5,15) (6,0) (7,22) (8,17) (9,13) (10,12) (10,24) (12,9) (12,19) (13,11) (14,2) (15,10) (16,8) (17,20) (17,21) (18,5) (20,6) (22,18) (23,23) (24,3) 
# pairs of queens attacking each other: 11


Solution: (0,14) (1,7) (1,16) (2,1) (3,4) (5,15) (6,0) (7,22) (8,17) (9,13) (10,12) (10,24) (12,9) (12,19) (13,11) (14,2) (15,10) (16,8) (17,20) (17,21) (18,5) (20,6) (22,18) (23,23) (24,3) 
# pairs of queens attacking each other: 10

Solution: (0,14) (1,7) (1,16) (2,1) (3,4) (5,15) (6,0) (7,22) (8,17) (9,13) (10,12) (10,24) (12,9) (12,19) (13,11) (14,2) (15,10) (16,8) (17,20) (17,21) (18,5) (20,6) (22,18) (23,23) (24,3) 
# pairs of queens attacking each other: 10


Solution: (0,14) (1,7) (1,16) (2,1) (3,4) (4,9) (5,15) (6,0) (7,22) (8,17) (9,13) (10,12) (10,24) (12,19) (13,11) (14,2) (15,10) (16,8) (17,20) (17,21) (18,5) (20,6) (22,18) (23,23) (24,3) 
# pairs of queens attacking each other: 9

Solution: (0,14) (1,7) (1,16) (2,1) (3,4) (4,9) (5,15) (6,0) (7,22) (8,17) (9,13) (10,12) (10,24) (12,19) (13,11) (14,2) (15,10) (16,8) (17,20) (17,21) (18,5) (20,6) (22,18) (23,23) (24,3) 
# pairs of queens attacking each other: 9


Solution: (0,14) (1,7) (1,16) (2,1) (3,4) (4,9) (5,15) (6,0) (7,22) (8,17) (9,13) (10,12) (10,24) (12,19) (14,2) (15,10) (16,8) (17,20) (17,21) (18,5) (20,6) (21,11) (22,18) (23,23) (24,3) 
# pairs of queens attacking each other: 8

Solution: (0,12) (0,14) (1,7) (1,16) (2,1) (3,4) (4,9) (5,15) (6,0) (7,22) (8,17) (9,13) (10,24) (12,19) (14,2) (15,10) (16,8) (17,20) (17,21) (18,5) (20,6) (21,11) (22,18) (23,23) (24,3) 
# pairs of queens attacking each other: 7

Solution: (0,12) (0,14) (1,7) (1,16) (2,1) (3,4) (4,9) (5,15) (6,0) (7,22) (8,17) (9,13) (10,24) (12,19) (14,2) (15,10) (16,8) (17,20) (17,21) (18,5) (20,6) (21,11) (22,18) (23,23) (24,3) 
# pairs of queens attacking each other: 7


Solution: (0,12) (1,7) (1,14) (1,16) (2,1) (3,4) (4,9) (5,15) (6,0) (7,22) (8,17) (9,13) (10,24) (12,19) (14,2) (15,10) (16,8) (17,20) (17,21) (18,5) (20,6) (21,11) (22,18) (23,23) (24,3) 
# pairs of queens attacking each other: 6

Solution: (0,12) (1,7) (1,14) (1,16) (2,1) (3,4) (4,9) (5,15) (6,0) (7,22) (8,17) (9,13) (10,24) (12,19) (14,2) (15,10) (16,8) (17,20) (17,21) (18,5) (20,6) (21,11) (22,18) (23,23) (24,3) 
# pairs of queens attacking each other: 6


Solution: (0,12) (1,7) (1,14) (2,1) (3,4) (4,9) (5,15) (6,0) (7,22) (8,17) (9,13) (10,24) (12,19) (14,2) (15,10) (16,8) (17,20) (17,21) (18,5) (19,16) (20,6) (21,11) (22,18) (23,23) (24,3) 
# pairs of queens attacking each other: 4

Solution: (0,12) (1,7) (1,14) (2,1) (3,4) (4,9) (5,15) (6,0) (7,22) (8,17) (9,13) (10,24) (12,19) (14,2) (15,10) (16,8) (17,20) (17,21) (18,5) (19,16) (20,6) (21,11) (22,18) (23,23) (24,3) 
# pairs of queens attacking each other: 4


Solution: (0,12) (1,7) (1,14) (2,1) (3,4) (4,9) (5,15) (6,0) (7,22) (8,17) (9,13) (10,24) (12,19) (14,2) (15,10) (16,8) (17,20) (17,21) (18,5) (19,16) (20,6) (21,11) (22,18) (23,23) (24,3) 
# pairs of queens attacking each other: 4


Solution: (0,12) (1,7) (1,14) (2,1) (3,4) (4,9) (5,15) (6,0) (7,22) (8,17) (9,13) (10,24) (12,19) (14,2) (15,10) (16,8) (17,20) (17,21) (18,5) (19,16) (20,6) (21,11) (22,18) (23,23) (24,3) 
# pairs of queens attacking each other: 4


Solution: (0,12) (1,7) (1,14) (2,1) (3,4) (4,9) (5,15) (6,0) (7,22) (8,17) (9,13) (10,24) (12,19) (14,2) (15,10) (16,8) (17,20) (17,21) (18,5) (19,16) (20,6) (21,11) (22,18) (23,23) (24,3) 
# pairs of queens attacking each other: 4


Solution: (0,12) (0,21) (1,7) (1,14) (2,1) (3,4) (4,9) (5,15) (6,0) (7,22) (8,17) (9,13) (10,24) (12,19) (14,2) (15,10) (16,8) (17,20) (18,5) (19,16) (20,6) (21,11) (22,18) (23,23) (24,3) 
# pairs of queens attacking each other: 3

Solution: (0,12) (0,21) (1,7) (1,14) (2,1) (3,4) (4,9) (5,15) (6,0) (7,22) (8,17) (9,13) (10,24) (12,19) (14,2) (15,10) (16,8) (17,20) (18,5) (19,16) (20,6) (21,11) (22,18) (23,23) (24,3) 
# pairs of queens attacking each other: 3


Solution: (0,12) (0,21) (1,7) (1,14) (2,1) (3,4) (4,9) (5,15) (6,0) (7,22) (8,17) (9,13) (10,24) (12,19) (14,2) (15,10) (16,8) (17,20) (18,5) (19,16) (20,6) (21,11) (22,18) (23,23) (24,3) 
# pairs of queens attacking each other: 3


Solution: (0,12) (0,21) (1,7) (1,14) (2,1) (3,4) (4,9) (5,15) (6,0) (7,22) (8,17) (9,13) (10,24) (12,19) (14,2) (15,10) (16,8) (17,20) (18,5) (19,16) (20,6) (21,11) (22,18) (23,23) (24,3) 
# pairs of queens attacking each other: 3

Done in 0 restarts.
Run Time: 1.034 seconds
Queens: 25
Solution: (0,2) (1,0) (3,20) (7,13) (8,12) (9,10) (10,14) (11,8) (11,18) (13,6) (13,21) (14,1) (15,3) (15,9) (16,5) (17,24) (18,11) (18,19) (19,7) (21,4) (21,17) (21,22) (21,23) (22,15) (23,16) 
# pairs of queens attacking each other: 22

Solution: (0,2) (1,0) (3,20) (7,13) (8,12) (9,10) (10,14) (11,8) (11,18) (13,6) (13,21) (14,1) (15,3) (15,9) (16,5) (17,24) (18,11) (18,19) (19,7) (21,4) (21,17) (21,22) (21,23) (22,15) (23,16) 
# pairs of queens attacking each other: 22


Solution: (1,0) (2,2) (3,20) (7,13) (8,12) (9,10) (10,14) (11,8) (11,18) (13,6) (13,21) (14,1) (15,3) (15,9) (16,5) (17,24) (18,11) (18,19) (19,7) (21,4) (21,17) (21,22) (21,23) (22,15) (23,16) 
# pairs of queens attacking each other: 21

Solution: (0,3) (1,0) (2,2) (3,20) (7,13) (8,12) (9,10) (10,14) (11,8) (11,18) (13,6) (13,21) (14,1) (15,9) (16,5) (17,24) (18,11) (18,19) (19,7) (21,4) (21,17) (21,22) (21,23) (22,15) (23,16) 
# pairs of queens attacking each other: 19

Solution: (0,3) (1,0) (2,2) (3,20) (6,4) (7,13) (8,12) (9,10) (10,14) (11,8) (11,18) (13,6) (13,21) (14,1) (15,9) (16,5) (17,24) (18,11) (18,19) (19,7) (21,17) (21,22) (21,23) (22,15) (23,16) 
# pairs of queens attacking each other: 18

Solution: (0,3) (1,0) (2,2) (3,20) (6,4) (7,13) (8,12) (9,10) (10,14) (11,8) (11,18) (13,6) (13,21) (14,1) (15,9) (16,5) (17,24) (18,11) (18,19) (19,7) (21,17) (21,22) (21,23) (22,15) (23,16) 
# pairs of queens attacking each other: 18


Solution: (0,3) (1,0) (2,2) (3,20) (6,4) (7,13) (8,12) (9,10) (10,14) (11,8) (11,18) (13,21) (14,1) (15,9) (16,5) (17,24) (18,11) (18,19) (19,7) (21,17) (21,22) (21,23) (22,15) (23,16) (24,6) 
# pairs of queens attacking each other: 15

Solution: (0,3) (1,0) (2,2) (3,20) (6,4) (7,13) (8,12) (9,10) (10,14) (11,8) (11,18) (13,21) (14,1) (15,9) (16,5) (17,24) (18,11) (18,19) (19,7) (21,17) (21,22) (21,23) (22,15) (23,16) (24,6) 
# pairs of queens attacking each other: 15


Solution: (0,3) (1,0) (2,2) (3,8) (3,20) (6,4) (7,13) (8,12) (9,10) (10,14) (11,18) (13,21) (14,1) (15,9) (16,5) (17,24) (18,11) (18,19) (19,7) (21,17) (21,22) (21,23) (22,15) (23,16) (24,6) 
# pairs of queens attacking each other: 14

Solution: (0,3) (1,0) (2,2) (3,8) (3,20) (6,4) (7,13) (8,12) (9,10) (10,14) (11,18) (13,21) (14,1) (15,9) (16,5) (17,24) (18,11) (18,19) (19,7) (21,17) (21,22) (21,23) (22,15) (23,16) (24,6) 
# pairs of queens attacking each other: 14


Solution: (0,3) (1,0) (2,2) (3,8) (3,20) (6,4) (7,13) (8,12) (9,10) (10,14) (11,18) (13,21) (14,1) (15,9) (16,5) (17,24) (18,11) (18,19) (19,7) (21,17) (21,22) (21,23) (22,15) (23,16) (24,6) 
# pairs of queens attacking each other: 14


Solution: (0,3) (1,0) (2,2) (3,8) (3,20) (6,4) (7,13) (8,12) (9,10) (10,14) (11,18) (13,21) (14,1) (15,9) (16,5) (17,24) (18,19) (19,7) (20,11) (21,17) (21,22) (21,23) (22,15) (23,16) (24,6) 
# pairs of queens attacking each other: 11

Solution: (0,3) (0,12) (1,0) (2,2) (3,8) (3,20) (6,4) (7,13) (9,10) (10,14) (11,18) (13,21) (14,1) (15,9) (16,5) (17,24) (18,19) (19,7) (20,11) (21,17) (21,22) (21,23) (22,15) (23,16) (24,6) 
# pairs of queens attacking each other: 10

Solution: (0,3) (0,12) (1,0) (2,2) (3,8) (3,20) (6,4) (7,13) (9,10) (10,14) (11,18) (13,21) (14,1) (15,9) (16,5) (17,24) (18,19) (19,7) (20,11) (21,17) (21,22) (21,23) (22,15) (23,16) (24,6) 
# pairs of queens attacking each other: 10


Solution: (0,3) (0,12) (1,0) (2,2) (3,8) (3,20) (4,14) (6,4) (7,13) (9,10) (11,18) (13,21) (14,1) (15,9) (16,5) (17,24) (18,19) (19,7) (20,11) (21,17) (21,22) (21,23) (22,15) (23,16) (24,6) 
# pairs of queens attacking each other: 9

Solution: (0,3) (0,12) (1,0) (1,15) (2,2) (3,8) (3,20) (4,14) (6,4) (7,13) (9,10) (11,18) (13,21) (14,1) (15,9) (16,5) (17,24) (18,19) (19,7) (20,11) (21,17) (21,22) (21,23) (23,16) (24,6) 
# pairs of queens attacking each other: 8

Solution: (0,3) (0,12) (1,0) (1,15) (2,2) (3,8) (3,20) (4,14) (6,4) (7,13) (9,10) (11,18) (13,21) (14,1) (15,9) (16,5) (17,24) (18,19) (19,7) (20,11) (21,17) (21,22) (21,23) (23,16) (24,6) 
# pairs of queens attacking each other: 8


Solution: (0,3) (0,12) (1,0) (1,15) (2,2) (3,8) (3,20) (4,14) (6,4) (7,13) (8,17) (9,10) (11,18) (13,21) (14,1) (15,9) (16,5) (17,24) (18,19) (19,7) (20,11) (21,22) (21,23) (23,16) (24,6) 
# pairs of queens attacking each other: 7

Solution: (0,3) (0,12) (1,0) (1,15) (2,2) (3,8) (3,20) (4,14) (6,4) (7,13) (8,17) (9,10) (13,21) (14,1) (15,9) (16,5) (17,24) (18,19) (19,7) (20,11) (21,22) (21,23) (22,18) (23,16) (24,6) 
# pairs of queens attacking each other: 6

Solution: (0,3) (0,12) (1,0) (1,15) (2,2) (3,8) (3,20) (4,14) (6,4) (7,13) (8,17) (9,10) (13,21) (14,1) (15,9) (16,5) (17,24) (18,19) (19,7) (20,11) (21,22) (21,23) (22,18) (23,16) (24,6) 
# pairs of queens attacking each other: 6


Solution: (0,3) (0,12) (1,0) (1,15) (2,2) (3,8) (3,20) (4,14) (6,4) (7,13) (8,17) (9,10) (13,21) (14,1) (15,9) (16,5) (17,24) (18,19) (19,7) (20,11) (21,22) (21,23) (22,18) (23,16) (24,6) 
# pairs of queens attacking each other: 6


Solution: (0,3) (0,12) (1,0) (1,15) (2,2) (3,8) (3,20) (4,14) (6,4) (7,13) (8,17) (9,10) (13,21) (14,1) (15,9) (16,5) (17,24) (18,19) (19,7) (20,11) (21,22) (21,23) (22,18) (23,16) (24,6) 
# pairs of queens attacking each other: 6


Solution: (0,3) (0,12) (1,0) (1,15) (2,2) (3,8) (3,20) (4,14) (6,4) (7,13) (8,17) (9,10) (11,22) (13,21) (14,1) (15,9) (16,5) (17,24) (18,19) (19,7) (20,11) (21,23) (22,18) (23,16) (24,6) 
# pairs of queens attacking each other: 4

Solution: (0,3) (0,12) (1,0) (1,15) (2,2) (3,8) (3,20) (4,14) (6,4) (7,13) (8,17) (9,10) (11,22) (13,21) (14,1) (15,9) (16,5) (17,24) (18,19) (19,7) (20,11) (21,23) (22,18) (23,16) (24,6) 
# pairs of queens attacking each other: 4


Solution: (0,3) (0,12) (1,0) (1,15) (2,2) (3,8) (3,20) (4,14) (6,4) (7,13) (8,17) (9,10) (11,22) (13,21) (14,1) (15,9) (16,5) (17,24) (18,19) (19,7) (20,11) (21,23) (22,18) (23,16) (24,6) 
# pairs of queens attacking each other: 4

Done in 1 restarts.
Run Time: 2.129 seconds
Queens: 25
Solution: (0,5) (0,8) (1,0) (2,7) (3,20) (5,15) (7,12) (8,11) (9,10) (10,18) (12,9) (13,19) (14,4) (14,6) (15,22) (16,14) (17,21) (17,23) (17,24) (18,3) (21,2) (21,13) (21,17) (22,16) (24,1) 
# pairs of queens attacking each other: 19

Solution: (0,5) (0,8) (1,0) (2,7) (3,20) (5,15) (7,12) (8,11) (9,10) (10,18) (12,9) (13,19) (14,4) (14,6) (15,22) (16,14) (17,21) (17,23) (17,24) (18,3) (21,2) (21,13) (21,17) (22,16) (24,1) 
# pairs of queens attacking each other: 19


Solution: (0,5) (0,8) (1,0) (2,7) (3,20) (5,15) (7,12) (8,11) (9,10) (10,18) (11,2) (12,9) (13,19) (14,4) (14,6) (15,22) (16,14) (17,21) (17,23) (17,24) (18,3) (21,13) (21,17) (22,16) (24,1) 
# pairs of queens attacking each other: 17

Solution: (0,5) (0,8) (1,0) (2,7) (3,20) (5,15) (7,12) (8,11) (9,10) (10,18) (11,2) (12,9) (13,19) (14,4) (14,6) (15,22) (16,14) (17,21) (17,23) (17,24) (19,3) (21,13) (21,17) (22,16) (24,1) 
# pairs of queens attacking each other: 16

Solution: (0,5) (0,8) (1,0) (2,7) (3,20) (5,15) (7,12) (8,11) (9,10) (10,18) (11,2) (12,9) (13,19) (14,6) (15,22) (16,14) (17,21) (17,23) (17,24) (19,3) (21,13) (21,17) (22,16) (23,4) (24,1) 
# pairs of queens attacking each other: 15

Solution: (0,8) (1,0) (2,7) (3,20) (5,5) (5,15) (7,12) (8,11) (9,10) (10,18) (11,2) (12,9) (13,19) (14,6) (15,22) (16,14) (17,21) (17,23) (17,24) (19,3) (21,13) (21,17) (22,16) (23,4) (24,1) 
# pairs of queens attacking each other: 14

Solution: (0,8) (1,0) (2,7) (3,20) (5,5) (5,15) (7,12) (8,11) (9,10) (10,18) (11,2) (12,9) (13,19) (15,22) (16,14) (17,21) (17,23) (17,24) (18,6) (19,3) (21,13) (21,17) (22,16) (23,4) (24,1) 
# pairs of queens attacking each other: 12

Solution: (0,8) (1,0) (2,7) (3,20) (5,5) (5,15) (7,12) (8,11) (9,10) (10,18) (11,2) (12,9) (13,19) (15,22) (16,14) (17,21) (17,23) (17,24) (18,6) (19,3) (21,13) (21,17) (22,16) (23,4) (24,1) 
# pairs of queens attacking each other: 12


Solution: (1,0) (2,7) (3,20) (5,5) (5,15) (6,8) (7,12) (8,11) (9,10) (10,18) (11,2) (12,9) (13,19) (15,22) (16,14) (17,21) (17,23) (17,24) (18,6) (19,3) (21,13) (21,17) (22,16) (23,4) (24,1) 
# pairs of queens attacking each other: 11

Solution: (1,0) (2,7) (3,20) (5,5) (5,15) (6,8) (7,12) (8,11) (9,10) (10,18) (11,2) (12,9) (13,19) (15,22) (16,14) (17,21) (17,23) (17,24) (18,6) (19,3) (21,13) (21,17) (22,16) (23,4) (24,1) 
# pairs of queens attacking each other: 11


Solution: (1,0) (2,7) (3,20) (5,5) (5,15) (6,8) (7,12) (8,11) (9,10) (10,18) (11,2) (12,9) (13,19) (15,22) (16,14) (17,21) (17,23) (17,24) (18,6) (19,3) (21,13) (21,17) (22,16) (23,4) (24,1) 
# pairs of queens attacking each other: 11


Solution: (0,11) (1,0) (2,7) (3,20) (5,5) (5,15) (6,8) (7,12) (9,10) (10,18) (11,2) (12,9) (13,19) (15,22) (16,14) (17,21) (17,23) (17,24) (18,6) (19,3) (21,13) (21,17) (22,16) (23,4) (24,1) 
# pairs of queens attacking each other: 10

Solution: (0,11) (0,12) (1,0) (2,7) (3,20) (5,5) (5,15) (6,8) (9,10) (10,18) (11,2) (12,9) (13,19) (15,22) (16,14) (17,21) (17,23) (17,24) (18,6) (19,3) (21,13) (21,17) (22,16) (23,4) (24,1) 
# pairs of queens attacking each other: 9

Solution: (0,11) (0,12) (1,0) (2,7) (3,20) (4,13) (5,5) (5,15) (6,8) (9,10) (10,18) (11,2) (12,9) (13,19) (15,22) (16,14) (17,21) (17,23) (17,24) (18,6) (19,3) (21,17) (22,16) (23,4) (24,1) 
# pairs of queens attacking each other: 8

Solution: (0,11) (0,12) (1,0) (2,7) (3,20) (4,13) (5,5) (5,15) (6,8) (9,10) (10,18) (11,2) (12,9) (13,19) (15,22) (16,14) (17,21) (17,23) (17,24) (18,6) (19,3) (21,17) (22,16) (23,4) (24,1) 
# pairs of queens attacking each other: 8


Solution: (0,11) (0,12) (1,0) (2,7) (3,20) (4,13) (5,5) (6,8) (9,10) (10,18) (11,2) (12,9) (13,19) (15,22) (16,14) (17,21) (17,23) (17,24) (18,6) (19,3) (20,15) (21,17) (22,16) (23,4) (24,1) 
# pairs of queens attacking each other: 7

Solution: (0,11) (0,12) (1,0) (2,7) (3,20) (4,13) (5,5) (6,8) (9,10) (10,18) (11,2) (12,9) (13,19) (15,22) (16,14) (17,21) (17,23) (17,24) (18,6) (19,3) (20,15) (21,17) (22,16) (23,4) (24,1) 
# pairs of queens attacking each other: 7


Solution: (0,11) (0,12) (1,0) (2,7) (3,20) (4,13) (5,5) (6,8) (9,10) (10,18) (11,2) (12,9) (13,19) (14,17) (15,22) (16,14) (17,21) (17,23) (17,24) (18,6) (19,3) (20,15) (22,16) (23,4) (24,1) 
# pairs of queens attacking each other: 6

Solution: (0,11) (0,12) (1,0) (2,7) (3,20) (4,13) (5,5) (6,8) (9,10) (10,18) (11,2) (12,9) (13,19) (14,17) (15,22) (16,14) (17,21) (17,23) (17,24) (18,6) (19,3) (20,15) (22,16) (23,4) (24,1) 
# pairs of queens attacking each other: 6


Solution: (0,11) (0,12) (1,0) (2,7) (3,20) (4,13) (5,5) (6,8) (9,10) (10,18) (11,2) (12,9) (13,19) (14,17) (15,22) (16,14) (17,21) (17,23) (17,24) (18,6) (19,3) (20,15) (22,16) (23,4) (24,1) 
# pairs of queens attacking each other: 6


Solution: (0,11) (0,12) (1,0) (2,7) (3,20) (4,13) (5,5) (6,8) (9,10) (10,18) (11,2) (12,9) (13,19) (14,17) (15,22) (16,14) (17,21) (17,23) (17,24) (18,6) (19,3) (20,15) (22,16) (23,4) (24,1) 
# pairs of queens attacking each other: 6


Solution: (0,11) (0,12) (1,0) (2,7) (3,20) (4,13) (5,5) (6,8) (8,21) (9,10) (10,18) (11,2) (12,9) (13,19) (14,17) (15,22) (16,14) (17,23) (17,24) (18,6) (19,3) (20,15) (22,16) (23,4) (24,1) 
# pairs of queens attacking each other: 4

Solution: (0,11) (0,12) (1,0) (2,7) (3,20) (4,13) (5,5) (6,8) (8,21) (9,10) (10,18) (11,2) (12,9) (13,19) (14,17) (15,22) (16,14) (17,23) (17,24) (18,6) (19,3) (20,15) (22,16) (23,4) (24,1) 
# pairs of queens attacking each other: 4


Solution: (0,11) (0,12) (1,0) (2,7) (3,20) (3,23) (4,13) (5,5) (6,8) (8,21) (9,10) (10,18) (11,2) (12,9) (13,19) (14,17) (15,22) (16,14) (17,24) (18,6) (19,3) (20,15) (22,16) (23,4) (24,1) 
# pairs of queens attacking each other: 3

Solution: (0,11) (0,12) (1,0) (2,7) (3,20) (3,23) (4,13) (5,5) (6,8) (8,21) (9,10) (10,18) (11,2) (12,9) (13,19) (14,17) (15,22) (16,14) (17,24) (18,6) (19,3) (20,15) (22,16) (23,4) (24,1) 
# pairs of queens attacking each other: 3

Done in 2 restarts.
Run Time: 2.99 seconds
Queens: 25
Solution: (0,4) (0,9) (2,5) (2,14) (2,22) (6,19) (7,17) (8,3) (8,10) (8,24) (9,6) (10,0) (13,13) (13,23) (15,16) (17,1) (18,7) (19,2) (19,15) (19,20) (20,8) (20,18) (21,12) (22,21) (23,11) 
# pairs of queens attacking each other: 16

Solution: (0,4) (0,9) (2,5) (2,14) (2,22) (6,19) (7,17) (8,3) (8,10) (8,24) (9,6) (10,0) (13,13) (13,23) (15,16) (16,1) (18,7) (19,2) (19,15) (19,20) (20,8) (20,18) (21,12) (22,21) (23,11) 
# pairs of queens attacking each other: 15

Solution: (0,4) (0,9) (2,5) (2,14) (2,22) (6,19) (7,17) (8,3) (8,10) (8,24) (9,6) (10,0) (13,13) (13,23) (15,16) (16,1) (18,7) (19,2) (19,15) (19,20) (20,8) (20,18) (21,12) (22,21) (23,11) 
# pairs of queens attacking each other: 15


Solution: (0,4) (0,9) (2,5) (2,14) (2,22) (6,19) (7,17) (8,10) (8,24) (9,6) (10,0) (11,3) (13,13) (13,23) (15,16) (16,1) (18,7) (19,2) (19,15) (19,20) (20,8) (20,18) (21,12) (22,21) (23,11) 
# pairs of queens attacking each other: 14

Solution: (0,4) (0,9) (2,5) (2,14) (2,22) (6,19) (7,17) (8,10) (8,24) (9,6) (10,0) (11,3) (13,13) (13,23) (15,16) (16,1) (18,7) (19,2) (19,15) (19,20) (20,8) (20,18) (21,12) (22,21) (23,11) 
# pairs of queens attacking each other: 14


Solution: (0,4) (0,9) (2,14) (2,22) (6,19) (7,17) (8,10) (8,24) (9,6) (10,0) (11,3) (13,13) (13,23) (15,16) (16,1) (18,7) (19,2) (19,15) (19,20) (20,8) (20,18) (21,12) (22,21) (23,11) (24,5) 
# pairs of queens attacking each other: 13

Solution: (0,4) (0,9) (2,14) (2,22) (6,19) (7,17) (8,10) (8,24) (9,6) (10,0) (11,3) (13,13) (13,23) (15,16) (16,1) (18,7) (19,2) (19,15) (19,20) (20,8) (20,18) (21,12) (22,21) (23,11) (24,5) 
# pairs of queens attacking each other: 13


Solution: (0,4) (0,9) (1,7) (2,14) (2,22) (6,19) (7,17) (8,10) (8,24) (9,6) (10,0) (11,3) (13,13) (13,23) (15,16) (16,1) (19,2) (19,15) (19,20) (20,8) (20,18) (21,12) (22,21) (23,11) (24,5) 
# pairs of queens attacking each other: 12

Solution: (0,4) (0,9) (1,7) (2,14) (2,22) (3,8) (6,19) (7,17) (8,10) (8,24) (9,6) (10,0) (11,3) (13,13) (13,23) (15,16) (16,1) (19,2) (19,15) (19,20) (20,18) (21,12) (22,21) (23,11) (24,5) 
# pairs of queens attacking each other: 10

Solution: (0,4) (1,7) (2,14) (2,22) (3,8) (6,19) (7,17) (8,10) (8,24) (9,6) (10,0) (11,3) (13,13) (13,23) (14,9) (15,16) (16,1) (19,2) (19,15) (19,20) (20,18) (21,12) (22,21) (23,11) (24,5) 
# pairs of queens attacking each other: 9

Solution: (0,4) (1,7) (2,14) (2,22) (3,8) (6,19) (7,17) (8,24) (9,6) (10,0) (11,3) (13,13) (13,23) (14,9) (15,16) (16,1) (17,10) (19,2) (19,15) (19,20) (20,18) (21,12) (22,21) (23,11) (24,5) 
# pairs of queens attacking each other: 8

Solution: (0,4) (1,7) (2,14) (2,22) (3,8) (6,19) (7,17) (8,24) (9,6) (10,0) (11,3) (13,13) (13,23) (14,9) (15,16) (16,1) (17,10) (19,2) (19,15) (19,20) (20,18) (21,12) (22,21) (23,11) (24,5) 
# pairs of queens attacking each other: 8


Solution: (0,4) (1,7) (2,14) (2,22) (3,8) (6,19) (7,17) (8,24) (9,6) (10,0) (11,3) (13,13) (13,23) (14,9) (15,16) (16,1) (17,10) (19,2) (19,15) (19,20) (20,18) (21,12) (22,21) (23,11) (24,5) 
# pairs of queens attacking each other: 8


Solution: (0,4) (1,7) (2,14) (2,22) (3,8) (5,13) (6,19) (7,17) (8,24) (9,6) (10,0) (11,3) (13,23) (14,9) (15,16) (16,1) (17,10) (19,2) (19,15) (19,20) (20,18) (21,12) (22,21) (23,11) (24,5) 
# pairs of queens attacking each other: 7

Solution: (0,4) (1,7) (2,22) (3,8) (5,13) (6,19) (7,17) (8,24) (9,6) (10,0) (11,3) (12,14) (13,23) (14,9) (15,16) (16,1) (17,10) (19,2) (19,15) (19,20) (20,18) (21,12) (22,21) (23,11) (24,5) 
# pairs of queens attacking each other: 6

Solution: (0,4) (1,7) (2,22) (3,8) (4,15) (5,13) (6,19) (7,17) (8,24) (9,6) (10,0) (11,3) (12,14) (13,23) (14,9) (15,16) (16,1) (17,10) (19,2) (19,20) (20,18) (21,12) (22,21) (23,11) (24,5) 
# pairs of queens attacking each other: 4

Solution: (0,4) (1,7) (2,22) (3,8) (4,15) (5,13) (6,19) (7,17) (8,24) (9,6) (10,0) (11,3) (12,14) (13,23) (14,9) (15,16) (16,1) (17,10) (19,2) (19,20) (20,18) (21,12) (22,21) (23,11) (24,5) 
# pairs of queens attacking each other: 4


Solution: (0,4) (1,7) (2,22) (3,8) (3,17) (4,15) (5,13) (6,19) (8,24) (9,6) (10,0) (11,3) (12,14) (13,23) (14,9) (15,16) (16,1) (17,10) (19,2) (19,20) (20,18) (21,12) (22,21) (23,11) (24,5) 
# pairs of queens attacking each other: 3

Solution: (0,4) (1,7) (2,22) (3,8) (3,17) (4,15) (5,13) (6,19) (8,24) (9,6) (10,0) (11,3) (12,14) (13,23) (14,9) (15,16) (16,1) (17,10) (19,2) (19,20) (20,18) (21,12) (22,21) (23,11) (24,5) 
# pairs of queens attacking each other: 3


Solution: (0,4) (1,7) (2,22) (3,8) (3,17) (4,15) (5,13) (6,19) (8,24) (9,6) (10,0) (11,3) (12,14) (13,23) (14,9) (15,16) (16,1) (17,10) (19,2) (19,20) (20,18) (21,12) (22,21) (23,11) (24,5) 
# pairs of queens attacking each other: 3


Solution: (0,4) (1,7) (2,20) (2,22) (3,8) (3,17) (4,15) (5,13) (6,19) (8,24) (9,6) (10,0) (11,3) (12,14) (13,23) (14,9) (15,16) (16,1) (17,10) (19,2) (20,18) (21,12) (22,21) (23,11) (24,5) 
# pairs of queens attacking each other: 2

Solution: (0,4) (1,7) (2,20) (2,22) (3,8) (3,17) (4,15) (5,13) (6,19) (8,24) (9,6) (10,0) (11,3) (12,14) (13,23) (14,9) (15,16) (16,1) (17,10) (19,2) (20,18) (21,12) (22,21) (23,11) (24,5) 
# pairs of queens attacking each other: 2


Solution: (0,4) (1,7) (2,20) (2,22) (3,8) (3,17) (4,15) (5,13) (6,19) (8,24) (9,6) (10,0) (11,3) (12,14) (13,23) (14,9) (15,16) (16,1) (17,10) (19,2) (20,18) (21,12) (22,21) (23,11) (24,5) 
# pairs of queens attacking each other: 2


Solution: (0,4) (1,7) (2,20) (2,22) (3,8) (3,17) (4,15) (5,13) (6,19) (8,24) (9,6) (10,0) (11,3) (12,14) (13,23) (14,9) (15,16) (16,1) (17,10) (19,2) (20,18) (21,12) (22,21) (23,11) (24,5) 
# pairs of queens attacking each other: 2


Solution: (0,4) (1,7) (2,20) (2,22) (3,8) (3,17) (4,15) (5,13) (6,19) (8,24) (9,6) (10,0) (11,3) (12,14) (13,23) (14,9) (15,16) (16,1) (17,10) (19,2) (20,18) (21,12) (22,21) (23,11) (24,5) 
# pairs of queens attacking each other: 2

Done in 3 restarts.
Run Time: 3.772 seconds
Queens: 25
Solution: (0,3) (1,6) (2,8) (3,24) (5,9) (5,12) (5,15) (6,0) (9,20) (10,11) (11,10) (12,17) (12,23) (13,16) (13,19) (13,21) (14,13) (14,22) (15,4) (15,5) (18,14) (21,2) (22,7) (23,18) (24,1) 
# pairs of queens attacking each other: 20

Solution: (0,3) (1,6) (2,8) (3,24) (5,9) (5,12) (5,15) (6,0) (9,20) (10,11) (11,10) (12,17) (12,23) (13,16) (13,19) (13,21) (14,13) (14,22) (15,4) (15,5) (18,14) (21,2) (22,7) (23,18) (24,1) 
# pairs of queens attacking each other: 20


Solution: (0,3) (1,6) (2,8) (3,24) (5,9) (5,12) (5,15) (6,0) (9,20) (10,11) (11,10) (12,17) (12,23) (13,16) (13,19) (13,21) (14,13) (14,22) (15,4) (15,5) (18,14) (21,2) (22,7) (23,18) (24,1) 
# pairs of queens attacking each other: 20


Solution: (1,6) (2,8) (3,24) (5,9) (5,12) (5,15) (6,0) (9,20) (10,11) (11,10) (12,17) (12,23) (13,16) (13,19) (13,21) (14,13) (14,22) (15,4) (15,5) (18,14) (19,3) (21,2) (22,7) (23,18) (24,1) 
# pairs of queens attacking each other: 19

Solution: (1,6) (2,8) (3,24) (4,4) (5,9) (5,12) (5,15) (6,0) (9,20) (10,11) (11,10) (12,17) (12,23) (13,16) (13,19) (13,21) (14,13) (14,22) (15,5) (18,14) (19,3) (21,2) (22,7) (23,18) (24,1) 
# pairs of queens attacking each other: 18

Solution: (1,6) (2,8) (3,24) (4,4) (5,9) (5,12) (5,15) (6,0) (7,5) (9,20) (10,11) (11,10) (12,17) (12,23) (13,16) (13,19) (13,21) (14,13) (14,22) (18,14) (19,3) (21,2) (22,7) (23,18) (24,1) 
# pairs of queens attacking each other: 17

Solution: (2,8) (3,24) (4,4) (5,9) (5,12) (5,15) (6,0) (7,5) (9,20) (10,11) (11,10) (12,17) (12,23) (13,16) (13,19) (13,21) (14,13) (14,22) (18,14) (19,3) (20,6) (21,2) (22,7) (23,18) (24,1) 
# pairs of queens attacking each other: 16

Solution: (2,8) (3,24) (4,4) (5,9) (5,12) (5,15) (6,0) (7,5) (9,20) (10,11) (11,10) (12,17) (12,23) (13,16) (13,19) (13,21) (14,13) (14,22) (17,7) (18,14) (19,3) (20,6) (21,2) (23,18) (24,1) 
# pairs of queens attacking each other: 15

Solution: (2,8) (3,24) (4,4) (5,9) (5,12) (5,15) (6,0) (7,5) (9,20) (10,11) (11,10) (12,17) (12,23) (13,16) (13,19) (13,21) (14,13) (14,22) (17,7) (18,14) (19,3) (20,6) (21,2) (23,18) (24,1) 
# pairs of queens attacking each other: 15


Solution: (0,9) (2,8) (3,24) (4,4) (5,12) (5,15) (6,0) (7,5) (9,20) (10,11) (11,10) (12,17) (12,23) (13,16) (13,19) (13,21) (14,13) (14,22) (17,7) (18,14) (19,3) (20,6) (21,2) (23,18) (24,1) 
# pairs of queens attacking each other: 14

Solution: (0,9) (2,8) (3,24) (4,4) (5,12) (5,15) (6,0) (7,5) (8,10) (9,20) (10,11) (12,17) (12,23) (13,16) (13,19) (13,21) (14,13) (14,22) (17,7) (18,14) (19,3) (20,6) (21,2) (23,18) (24,1) 
# pairs of queens attacking each other: 12

Solution: (0,9) (2,8) (3,24) (4,4) (5,12) (5,15) (6,0) (7,5) (8,10) (9,20) (10,11) (12,17) (12,23) (13,16) (13,19) (13,21) (14,13) (14,22) (17,7) (18,14) (19,3) (20,6) (21,2) (23,18) (24,1) 
# pairs of queens attacking each other: 12


Solution: (0,9) (2,8) (3,24) (4,4) (5,12) (5,15) (6,0) (7,5) (8,10) (9,20) (10,11) (12,17) (12,23) (13,16) (13,19) (13,21) (14,13) (14,22) (17,7) (18,14) (19,3) (20,6) (21,2) (23,18) (24,1) 
# pairs of queens attacking each other: 12


Solution: (0,9) (1,13) (2,8) (3,24) (4,4) (5,12) (5,15) (6,0) (7,5) (8,10) (9,20) (10,11) (12,17) (12,23) (13,16) (13,19) (13,21) (14,22) (17,7) (18,14) (19,3) (20,6) (21,2) (23,18) (24,1) 
# pairs of queens attacking each other: 10

Solution: (0,9) (1,13) (2,8) (3,24) (4,4) (5,12) (5,15) (6,0) (7,5) (8,10) (9,20) (10,11) (12,17) (12,23) (13,16) (13,19) (13,21) (14,22) (17,7) (18,14) (19,3) (20,6) (21,2) (23,18) (24,1) 
# pairs of queens attacking each other: 10


Solution: (0,9) (1,13) (2,8) (3,24) (4,4) (5,12) (6,0) (7,5) (8,10) (9,20) (10,11) (12,17) (12,23) (13,16) (13,19) (13,21) (14,22) (16,15) (17,7) (18,14) (19,3) (20,6) (21,2) (23,18) (24,1) 
# pairs of queens attacking each other: 9

Solution: (0,9) (0,16) (1,13) (2,8) (3,24) (4,4) (5,12) (6,0) (7,5) (8,10) (9,20) (10,11) (12,17) (12,23) (13,19) (13,21) (14,22) (16,15) (17,7) (18,14) (19,3) (20,6) (21,2) (23,18) (24,1) 
# pairs of queens attacking each other: 8

Solution: (0,9) (0,16) (1,13) (2,8) (2,17) (3,24) (4,4) (5,12) (6,0) (7,5) (8,10) (9,20) (10,11) (12,23) (13,19) (13,21) (14,22) (16,15) (17,7) (18,14) (19,3) (20,6) (21,2) (23,18) (24,1) 
# pairs of queens attacking each other: 7

Solution: (0,9) (0,16) (1,13) (2,8) (2,17) (3,24) (4,4) (5,12) (6,0) (7,5) (8,10) (9,20) (10,11) (12,23) (13,19) (13,21) (14,22) (16,15) (17,7) (18,14) (19,3) (20,6) (21,2) (23,18) (24,1) 
# pairs of queens attacking each other: 7


Solution: (0,9) (0,16) (1,13) (1,19) (2,8) (2,17) (3,24) (4,4) (5,12) (6,0) (7,5) (8,10) (9,20) (10,11) (12,23) (13,21) (14,22) (16,15) (17,7) (18,14) (19,3) (20,6) (21,2) (23,18) (24,1) 
# pairs of queens attacking each other: 5

Solution: (0,9) (0,16) (1,13) (1,19) (2,8) (2,17) (3,24) (4,4) (5,12) (6,0) (7,5) (8,10) (9,20) (10,11) (12,23) (13,21) (14,22) (16,15) (17,7) (18,14) (19,3) (20,6) (21,2) (23,18) (24,1) 
# pairs of queens attacking each other: 5


Solution: (0,9) (0,16) (1,13) (1,19) (2,8) (2,17) (3,24) (4,4) (5,12) (6,0) (7,5) (8,10) (9,20) (10,11) (12,23) (13,21) (14,22) (16,15) (17,7) (18,14) (19,3) (20,6) (21,2) (23,18) (24,1) 
# pairs of queens attacking each other: 5


Solution: (0,9) (0,16) (1,13) (1,19) (2,8) (2,17) (3,24) (4,4) (5,12) (6,0) (7,5) (8,10) (9,20) (10,11) (12,23) (13,21) (14,22) (16,15) (17,7) (18,14) (19,3) (20,6) (21,2) (23,18) (24,1) 
# pairs of queens attacking each other: 5


Solution: (0,9) (0,16) (1,13) (1,19) (2,8) (2,17) (3,24) (4,4) (5,12) (6,0) (7,5) (8,10) (9,20) (10,11) (12,23) (13,21) (14,22) (16,15) (17,7) (18,14) (19,3) (20,6) (21,2) (23,18) (24,1) 
# pairs of queens attacking each other: 5


Solution: (0,9) (0,16) (1,13) (1,19) (2,8) (2,17) (3,24) (4,4) (5,12) (6,0) (7,5) (8,10) (9,20) (10,11) (12,23) (13,21) (14,22) (16,15) (17,7) (18,14) (19,3) (20,6) (21,2) (23,18) (24,1) 
# pairs of queens attacking each other: 5

Done in 4 restarts.
Run Time: 4.851 seconds
Queens: 25
Solution: (1,0) (2,13) (4,15) (6,21) (9,9) (9,12) (9,24) (10,10) (10,23) (11,3) (13,11) (13,20) (14,17) (15,5) (15,8) (15,16) (16,7) (16,22) (17,6) (17,18) (18,19) (19,1) (19,4) (24,2) (24,14) 
# pairs of queens attacking each other: 26

Solution: (1,0) (2,13) (4,15) (5,1) (6,21) (9,9) (9,12) (9,24) (10,10) (10,23) (11,3) (13,11) (13,20) (14,17) (15,5) (15,8) (15,16) (16,7) (16,22) (17,6) (17,18) (18,19) (19,4) (24,2) (24,14) 
# pairs of queens attacking each other: 24

Solution: (0,2) (1,0) (2,13) (4,15) (5,1) (6,21) (9,9) (9,12) (9,24) (10,10) (10,23) (11,3) (13,11) (13,20) (14,17) (15,5) (15,8) (15,16) (16,7) (16,22) (17,6) (17,18) (18,19) (19,4) (24,14) 
# pairs of queens attacking each other: 23

Solution: (0,2) (1,0) (2,13) (4,15) (5,1) (6,21) (9,9) (9,12) (9,24) (10,10) (10,23) (11,3) (13,11) (13,20) (14,17) (15,5) (15,8) (15,16) (16,7) (16,22) (17,6) (17,18) (18,19) (19,4) (24,14) 
# pairs of queens attacking each other: 23


Solution: (0,2) (1,0) (2,13) (4,15) (5,1) (6,21) (7,4) (9,9) (9,12) (9,24) (10,10) (10,23) (11,3) (13,11) (13,20) (14,17) (15,5) (15,8) (15,16) (16,7) (16,22) (17,6) (17,18) (18,19) (24,14) 
# pairs of queens attacking each other: 22

Solution: (0,2) (1,0) (2,13) (4,15) (5,1) (6,21) (7,4) (9,9) (9,12) (9,24) (10,10) (10,23) (11,3) (13,11) (13,20) (14,17) (15,8) (15,16) (16,7) (16,22) (17,6) (17,18) (18,19) (20,5) (24,14) 
# pairs of queens attacking each other: 19

Solution: (0,2) (1,0) (2,13) (4,15) (5,1) (6,21) (7,4) (9,9) (9,12) (9,24) (10,10) (10,23) (11,3) (13,11) (13,20) (14,17) (15,8) (15,16) (16,7) (16,22) (17,18) (18,19) (20,5) (22,6) (24,14) 
# pairs of queens attacking each other: 17

Solution: (0,2) (1,0) (2,13) (3,7) (4,15) (5,1) (6,21) (7,4) (9,9) (9,12) (9,24) (10,10) (10,23) (11,3) (13,11) (13,20) (14,17) (15,8) (15,16) (16,22) (17,18) (18,19) (20,5) (22,6) (24,14) 
# pairs of queens attacking each other: 15

Solution: (0,2) (1,0) (2,13) (3,7) (4,15) (5,1) (6,21) (7,4) (9,9) (9,12) (9,24) (10,10) (10,23) (11,3) (13,11) (13,20) (14,17) (15,16) (16,22) (17,18) (18,19) (20,5) (21,8) (22,6) (24,14) 
# pairs of queens attacking each other: 14

Solution: (0,2) (1,0) (2,13) (3,7) (4,15) (5,1) (6,21) (7,4) (9,12) (9,24) (10,10) (10,23) (11,3) (13,11) (13,20) (14,17) (15,16) (16,22) (17,18) (18,19) (20,5) (21,8) (22,6) (23,9) (24,14) 
# pairs of queens attacking each other: 12

Solution: (0,2) (1,0) (2,13) (3,7) (4,15) (5,1) (6,21) (7,4) (9,12) (9,24) (10,10) (10,23) (11,3) (13,11) (13,20) (14,17) (15,16) (16,22) (17,18) (18,19) (20,5) (21,8) (22,6) (23,9) (24,14) 
# pairs of queens attacking each other: 12


Solution: (0,2) (1,0) (2,13) (3,7) (4,15) (5,1) (6,21) (7,4) (9,12) (9,24) (10,10) (10,23) (11,3) (13,11) (13,20) (14,17) (15,16) (16,22) (17,18) (18,19) (20,5) (21,8) (22,6) (23,9) (24,14) 
# pairs of queens attacking each other: 12


Solution: (0,2) (0,12) (1,0) (2,13) (3,7) (4,15) (5,1) (6,21) (7,4) (9,24) (10,10) (10,23) (11,3) (13,11) (13,20) (14,17) (15,16) (16,22) (17,18) (18,19) (20,5) (21,8) (22,6) (23,9) (24,14) 
# pairs of queens attacking each other: 11

Solution: (0,2) (0,12) (1,0) (3,7) (4,15) (5,1) (6,21) (7,4) (8,13) (9,24) (10,10) (10,23) (11,3) (13,11) (13,20) (14,17) (15,16) (16,22) (17,18) (18,19) (20,5) (21,8) (22,6) (23,9) (24,14) 
# pairs of queens attacking each other: 10

Solution: (0,2) (0,12) (1,0) (3,7) (4,15) (5,1) (6,21) (7,4) (8,13) (9,24) (10,10) (10,23) (11,3) (13,11) (13,20) (14,17) (15,16) (16,22) (17,18) (18,19) (20,5) (21,8) (22,6) (23,9) (24,14) 
# pairs of queens attacking each other: 10


Solution: (0,2) (0,12) (1,0) (3,7) (4,15) (5,1) (6,21) (7,4) (8,13) (9,24) (10,10) (10,23) (11,3) (13,11) (13,20) (14,17) (15,16) (16,22) (17,18) (18,19) (20,5) (21,8) (22,6) (23,9) (24,14) 
# pairs of queens attacking each other: 10


Solution: (0,2) (0,12) (1,0) (2,16) (3,7) (4,15) (5,1) (6,21) (7,4) (8,13) (9,24) (10,10) (10,23) (11,3) (13,11) (13,20) (14,17) (16,22) (17,18) (18,19) (20,5) (21,8) (22,6) (23,9) (24,14) 
# pairs of queens attacking each other: 8

Solution: (0,2) (0,12) (1,0) (2,16) (3,7) (4,15) (5,1) (6,21) (7,4) (8,13) (9,24) (10,10) (10,23) (11,3) (13,11) (13,20) (14,17) (16,22) (17,18) (18,19) (20,5) (21,8) (22,6) (23,9) (24,14) 
# pairs of queens attacking each other: 8


Solution: (0,2) (0,12) (1,0) (2,16) (3,7) (4,15) (5,1) (6,21) (7,4) (8,13) (9,24) (10,10) (10,23) (11,3) (13,11) (13,20) (14,17) (16,22) (17,18) (18,19) (20,5) (21,8) (22,6) (23,9) (24,14) 
# pairs of queens attacking each other: 8


Solution: (0,2) (0,12) (1,0) (2,16) (3,7) (4,15) (5,1) (6,21) (7,4) (8,13) (9,24) (10,10) (10,23) (11,3) (13,11) (13,20) (14,17) (16,22) (17,18) (18,19) (20,5) (21,8) (22,6) (23,9) (24,14) 
# pairs of queens attacking each other: 8


Solution: (0,2) (0,12) (1,0) (2,16) (2,20) (3,7) (4,15) (5,1) (6,21) (7,4) (8,13) (9,24) (10,10) (10,23) (11,3) (13,11) (14,17) (16,22) (17,18) (18,19) (20,5) (21,8) (22,6) (23,9) (24,14) 
# pairs of queens attacking each other: 7

Solution: (0,2) (0,12) (1,0) (2,16) (2,20) (3,7) (4,15) (5,1) (6,21) (7,4) (8,13) (9,24) (10,10) (10,23) (11,3) (13,11) (14,17) (16,22) (17,18) (18,19) (20,5) (21,8) (22,6) (23,9) (24,14) 
# pairs of queens attacking each other: 7


Solution: (0,2) (0,12) (1,0) (2,16) (2,20) (3,7) (4,15) (5,1) (6,21) (7,4) (8,13) (9,24) (10,10) (10,23) (11,3) (12,22) (13,11) (14,17) (17,18) (18,19) (20,5) (21,8) (22,6) (23,9) (24,14) 
# pairs of queens attacking each other: 6

Solution: (0,2) (0,12) (1,0) (2,16) (2,20) (3,7) (4,15) (5,1) (6,21) (7,4) (8,13) (9,24) (10,10) (11,3) (12,22) (13,11) (14,17) (16,23) (17,18) (18,19) (20,5) (21,8) (22,6) (23,9) (24,14) 
# pairs of queens attacking each other: 4

Solution: (0,2) (0,12) (1,0) (2,16) (2,20) (3,7) (4,15) (5,1) (6,21) (7,4) (8,13) (9,24) (10,10) (11,3) (12,22) (13,11) (14,17) (16,23) (17,18) (18,19) (20,5) (21,8) (22,6) (23,9) (24,14) 
# pairs of queens attacking each other: 4

Done in 5 restarts.
Run Time: 5.634 seconds
Queens: 25