
Solution: (2,0) (3,12) (4,10) (5,1) (5,9) (8,7) (8,8) (8,13) (10,18) (11,21) (13,2) (13,24) (14,19) (15,14) (15,16) (16,22) (18,15) (18,20) (19,5) (20,3) (21,4) (21,6) (21,11) (22,17) (23,23) 
# pairs of queens attacking each other: 19

Solution: (2,0) (3,12) (4,10) (5,9) (7,1) (8,7) (8,8) (8,13) (10,18) (11,21) (13,2) (13,24) (14,19) (15,14) (15,16) (16,22) (18,15) (18,20) (19,5) (20,3) (21,4) (21,6) (21,11) (22,17) (23,23) 
# pairs of queens attacking each other: 18

Solution: (2,0) (3,12) (4,10) (5,9) (7,1) (8,7) (8,8) (8,13) (9,2) (10,18) (11,21) (13,24) (14,19) (15,14) (15,16) (16,22) (18,15) (18,20) (19,5) (20,3) (21,4) (21,6) (21,11) (22,17) (23,23) 
# pairs of queens attacking each other: 16

Solution: (0,3) (2,0) (3,12) (4,10) (5,9) (7,1) (8,7) (8,8) (8,13) (9,2) (10,18) (11,21) (13,24) (14,19) (15,14) (15,16) (16,22) (18,15) (18,20) (19,5) (21,4) (21,6) (21,11) (22,17) (23,23) 
# pairs of queens attacking each other: 15

Solution: (0,3) (2,0) (3,12) (4,10) (5,9) (7,1) (8,7) (8,8) (8,13) (9,2) (10,18) (11,21) (13,24) (14,19) (15,14) (15,16) (16,22) (18,15) (18,20) (19,5) (21,4) (21,6) (21,11) (22,17) (23,23) 
# pairs of queens attacking each other: 15


Solution: (0,3) (2,0) (3,12) (4,10) (5,9) (7,1) (8,7) (8,8) (8,13) (9,2) (10,18) (11,21) (13,24) (14,19) (15,14) (15,16) (16,22) (18,15) (18,20) (19,5) (21,4) (21,6) (21,11) (22,17) (23,23) 
# pairs of queens attacking each other: 15


Solution: (0,3) (2,0) (3,12) (4,10) (5,9) (7,1) (8,7) (8,8) (8,13) (9,2) (10,18) (11,21) (13,24) (14,19) (15,14) (15,16) (16,22) (17,6) (18,15) (18,20) (19,5) (21,4) (21,11) (22,17) (23,23) 
# pairs of queens attacking each other: 14

Solution: (0,3) (2,0) (3,12) (4,10) (5,9) (7,1) (8,8) (8,13) (9,2) (10,18) (11,21) (13,24) (14,19) (15,14) (15,16) (16,22) (17,6) (18,15) (18,20) (19,5) (20,7) (21,4) (21,11) (22,17) (23,23) 
# pairs of queens attacking each other: 11

Solution: (0,3) (1,8) (2,0) (3,12) (4,10) (5,9) (7,1) (8,13) (9,2) (10,18) (11,21) (13,24) (14,19) (15,14) (15,16) (16,22) (17,6) (18,15) (18,20) (19,5) (20,7) (21,4) (21,11) (22,17) (23,23) 
# pairs of queens attacking each other: 9

Solution: (0,3) (1,8) (2,0) (3,12) (4,10) (5,9) (7,1) (8,13) (9,2) (10,18) (11,21) (13,24) (14,19) (15,14) (15,16) (16,22) (17,6) (18,15) (18,20) (19,5) (20,7) (21,4) (21,11) (22,17) (23,23) 
# pairs of queens attacking each other: 9


Solution: (0,3) (1,8) (2,0) (3,12) (5,9) (6,10) (7,1) (8,13) (9,2) (10,18) (11,21) (13,24) (14,19) (15,14) (15,16) (16,22) (17,6) (18,15) (18,20) (19,5) (20,7) (21,4) (21,11) (22,17) (23,23) 
# pairs of queens attacking each other: 8

Solution: (0,3) (1,8) (2,0) (3,12) (5,9) (6,10) (7,1) (8,13) (9,2) (10,18) (11,21) (13,24) (14,19) (15,11) (15,14) (15,16) (16,22) (17,6) (18,15) (18,20) (19,5) (20,7) (21,4) (22,17) (23,23) 
# pairs of queens attacking each other: 7

Solution: (0,3) (1,8) (2,0) (3,12) (5,9) (6,10) (7,1) (8,13) (9,2) (10,18) (11,21) (13,24) (14,19) (15,11) (15,14) (15,16) (16,22) (17,6) (18,15) (18,20) (19,5) (20,7) (21,4) (22,17) (23,23) 
# pairs of queens attacking each other: 7


Solution: (0,3) (1,8) (2,0) (3,12) (5,9) (6,10) (7,1) (8,13) (9,2) (10,18) (11,21) (13,24) (14,19) (15,11) (15,14) (15,16) (16,22) (17,6) (18,15) (18,20) (19,5) (20,7) (21,4) (22,17) (23,23) 
# pairs of queens attacking each other: 7


Solution: (0,3) (1,8) (2,0) (3,12) (5,9) (6,10) (7,1) (8,13) (9,2) (10,18) (11,21) (13,24) (14,19) (15,11) (15,14) (15,16) (16,22) (17,6) (18,15) (18,20) (19,5) (20,7) (21,4) (22,17) (23,23) 
# pairs of queens attacking each other: 7


Solution: (0,3) (1,8) (2,0) (2,15) (3,12) (5,9) (6,10) (7,1) (8,13) (9,2) (10,18) (11,21) (13,24) (14,19) (15,11) (15,14) (15,16) (16,22) (17,6) (18,20) (19,5) (20,7) (21,4) (22,17) (23,23) 
# pairs of queens attacking each other: 6

Solution: (0,3) (1,8) (2,0) (2,15) (3,12) (4,16) (5,9) (6,10) (7,1) (8,13) (9,2) (10,18) (11,21) (13,24) (14,19) (15,11) (15,14) (16,22) (17,6) (18,20) (19,5) (20,7) (21,4) (22,17) (23,23) 
# pairs of queens attacking each other: 5

Solution: (0,3) (1,8) (2,0) (2,15) (3,12) (4,16) (5,9) (6,10) (7,1) (8,13) (9,2) (10,18) (11,21) (13,24) (14,19) (15,11) (15,14) (16,22) (17,6) (18,20) (19,5) (20,7) (21,4) (22,17) (23,23) 
# pairs of queens attacking each other: 5


Solution: (0,3) (1,8) (2,0) (2,15) (3,12) (4,16) (5,9) (6,10) (7,1) (8,13) (9,2) (10,18) (11,21) (13,24) (14,19) (15,11) (15,14) (16,22) (17,6) (18,20) (19,5) (20,7) (21,4) (22,17) (23,23) 
# pairs of queens attacking each other: 5


Solution: (0,3) (1,8) (2,0) (2,15) (3,12) (4,16) (5,9) (6,10) (7,1) (8,13) (9,2) (10,18) (11,21) (13,24) (14,19) (15,11) (15,14) (16,22) (17,6) (18,20) (19,5) (20,7) (21,4) (22,17) (23,23) 
# pairs of queens attacking each other: 5


Solution: (0,3) (1,8) (2,0) (2,15) (3,12) (4,16) (5,9) (6,10) (7,1) (8,13) (9,2) (10,18) (11,21) (13,24) (14,19) (15,11) (15,14) (16,22) (17,6) (18,20) (19,5) (20,7) (21,4) (22,17) (23,23) 
# pairs of queens attacking each other: 5


Solution: (0,3) (1,8) (2,0) (2,15) (3,12) (4,16) (5,9) (6,10) (7,1) (8,13) (9,2) (10,18) (11,21) (13,24) (14,19) (15,11) (15,14) (16,22) (17,6) (18,20) (19,5) (20,7) (21,4) (22,17) (23,23) 
# pairs of queens attacking each other: 5


Solution: (0,3) (1,8) (2,0) (2,15) (3,12) (4,16) (5,9) (6,10) (7,1) (8,13) (9,2) (10,18) (11,21) (13,24) (14,19) (15,11) (15,14) (16,22) (17,6) (18,20) (19,5) (20,7) (21,4) (22,17) (23,23) 
# pairs of queens attacking each other: 5


Solution: (0,3) (1,8) (2,0) (2,15) (3,12) (4,16) (5,9) (6,10) (7,1) (8,13) (9,2) (10,18) (11,21) (13,24) (14,19) (15,11) (15,14) (16,22) (17,6) (18,20) (19,5) (20,7) (21,4) (22,17) (23,23) 
# pairs of queens attacking each other: 5


Solution: (0,3) (1,8) (2,0) (2,15) (3,12) (4,16) (5,9) (6,10) (7,1) (8,13) (9,2) (10,18) (11,21) (13,24) (14,19) (15,11) (15,14) (16,22) (17,6) (18,20) (19,5) (20,7) (21,4) (22,17) (23,23) 
# pairs of queens attacking each other: 5

Done in 0 restarts.
Run Time: 0.813 seconds
Queens: 25
Solution: (0,22) (1,13) (4,10) (5,21) (6,0) (7,2) (8,7) (9,1) (10,12) (10,15) (11,17) (12,16) (14,9) (14,14) (14,23) (17,3) (20,11) (21,6) (21,18) (21,19) (22,20) (23,8) (24,4) (24,5) (24,24) 
# pairs of queens attacking each other: 18

Solution: (0,22) (1,13) (4,10) (5,21) (6,0) (7,2) (8,7) (9,1) (10,12) (10,15) (11,17) (12,16) (14,9) (14,14) (14,23) (17,3) (20,11) (21,6) (21,18) (21,19) (22,20) (23,8) (24,4) (24,5) (24,24) 
# pairs of queens attacking each other: 18


Solution: (0,22) (1,13) (4,10) (5,21) (6,0) (8,7) (9,1) (10,12) (10,15) (11,17) (12,16) (14,9) (14,14) (14,23) (15,2) (17,3) (20,11) (21,6) (21,18) (21,19) (22,20) (23,8) (24,4) (24,5) (24,24) 
# pairs of queens attacking each other: 17

Solution: (0,22) (1,13) (4,10) (5,21) (6,0) (8,7) (9,1) (10,12) (10,15) (11,17) (12,16) (14,9) (14,14) (14,23) (15,2) (17,3) (20,11) (21,6) (21,18) (21,19) (22,20) (23,8) (24,4) (24,5) (24,24) 
# pairs of queens attacking each other: 17


Solution: (0,22) (1,13) (3,4) (4,10) (5,21) (6,0) (8,7) (9,1) (10,12) (10,15) (11,17) (12,16) (14,9) (14,14) (14,23) (15,2) (17,3) (20,11) (21,6) (21,18) (21,19) (22,20) (23,8) (24,5) (24,24) 
# pairs of queens attacking each other: 15

Solution: (0,22) (1,13) (3,4) (4,10) (5,21) (6,0) (8,7) (9,1) (10,12) (10,15) (11,17) (12,16) (14,9) (14,14) (14,23) (15,2) (16,5) (17,3) (20,11) (21,6) (21,18) (21,19) (22,20) (23,8) (24,24) 
# pairs of queens attacking each other: 14

Solution: (0,22) (1,13) (3,4) (4,10) (5,21) (6,0) (8,7) (9,1) (10,12) (10,15) (11,17) (12,16) (13,6) (14,9) (14,14) (14,23) (15,2) (16,5) (17,3) (20,11) (21,18) (21,19) (22,20) (23,8) (24,24) 
# pairs of queens attacking each other: 12

Solution: (0,22) (1,13) (3,4) (4,10) (5,21) (6,0) (8,7) (9,1) (10,12) (10,15) (11,17) (12,16) (13,6) (14,9) (14,14) (14,23) (15,2) (16,5) (17,3) (20,11) (21,18) (21,19) (22,20) (23,8) (24,24) 
# pairs of queens attacking each other: 12


Solution: (0,22) (1,13) (3,4) (4,10) (5,21) (6,0) (8,7) (9,1) (10,12) (10,15) (11,17) (12,16) (13,6) (14,9) (14,14) (14,23) (15,2) (16,5) (17,3) (20,11) (21,18) (21,19) (22,20) (23,8) (24,24) 
# pairs of queens attacking each other: 12


Solution: (0,22) (1,13) (2,9) (3,4) (4,10) (5,21) (6,0) (8,7) (9,1) (10,12) (10,15) (11,17) (12,16) (13,6) (14,14) (14,23) (15,2) (16,5) (17,3) (20,11) (21,18) (21,19) (22,20) (23,8) (24,24) 
# pairs of queens attacking each other: 11

Solution: (0,22) (1,13) (2,9) (2,10) (3,4) (5,21) (6,0) (8,7) (9,1) (10,12) (10,15) (11,17) (12,16) (13,6) (14,14) (14,23) (15,2) (16,5) (17,3) (20,11) (21,18) (21,19) (22,20) (23,8) (24,24) 
# pairs of queens attacking each other: 10

Solution: (0,22) (1,13) (2,9) (2,10) (3,4) (5,21) (6,0) (8,7) (9,1) (10,12) (10,15) (11,17) (12,16) (13,6) (14,14) (14,23) (15,2) (16,5) (17,3) (20,11) (21,18) (21,19) (22,20) (23,8) (24,24) 
# pairs of queens attacking each other: 10


Solution: (0,22) (1,12) (1,13) (2,9) (2,10) (3,4) (5,21) (6,0) (8,7) (9,1) (10,15) (11,17) (12,16) (13,6) (14,14) (14,23) (15,2) (16,5) (17,3) (20,11) (21,18) (21,19) (22,20) (23,8) (24,24) 
# pairs of queens attacking each other: 9

Solution: (0,22) (1,12) (1,13) (2,9) (2,10) (3,4) (5,21) (6,0) (8,7) (9,1) (10,15) (11,17) (12,16) (13,6) (14,14) (14,23) (15,2) (16,5) (17,3) (20,11) (21,18) (21,19) (22,20) (23,8) (24,24) 
# pairs of queens attacking each other: 9


Solution: (0,22) (1,12) (1,13) (2,9) (2,10) (3,4) (4,14) (5,21) (6,0) (8,7) (9,1) (10,15) (11,17) (12,16) (13,6) (14,23) (15,2) (16,5) (17,3) (20,11) (21,18) (21,19) (22,20) (23,8) (24,24) 
# pairs of queens attacking each other: 6

Solution: (0,22) (1,12) (1,13) (2,9) (2,10) (3,4) (4,14) (5,21) (6,0) (8,7) (9,1) (10,15) (11,17) (12,16) (13,6) (14,23) (15,2) (16,5) (17,3) (20,11) (21,18) (21,19) (22,20) (23,8) (24,24) 
# pairs of queens attacking each other: 6


Solution: (0,22) (1,12) (1,13) (2,9) (2,10) (3,4) (4,14) (5,21) (6,0) (8,7) (9,1) (10,15) (11,17) (12,16) (13,6) (14,23) (15,2) (16,5) (17,3) (20,11) (21,18) (21,19) (22,20) (23,8) (24,24) 
# pairs of queens attacking each other: 6


Solution: (0,22) (1,12) (1,13) (2,9) (2,10) (3,4) (4,14) (5,21) (6,0) (8,7) (9,1) (10,15) (11,17) (12,16) (13,6) (14,23) (15,2) (16,5) (17,3) (20,11) (21,18) (21,19) (22,20) (23,8) (24,24) 
# pairs of queens attacking each other: 6


Solution: (0,22) (1,12) (1,13) (2,9) (2,10) (3,4) (4,14) (5,21) (6,0) (8,7) (9,1) (10,15) (11,17) (12,16) (13,6) (14,23) (15,2) (16,5) (17,3) (20,11) (21,18) (21,19) (22,20) (23,8) (24,24) 
# pairs of queens attacking each other: 6


Solution: (0,22) (1,12) (1,13) (2,9) (2,10) (3,4) (4,14) (4,19) (5,21) (6,0) (8,7) (9,1) (10,15) (11,17) (12,16) (13,6) (14,23) (15,2) (16,5) (17,3) (20,11) (21,18) (22,20) (23,8) (24,24) 
# pairs of queens attacking each other: 5

Solution: (0,22) (1,12) (1,13) (2,9) (2,10) (3,4) (4,14) (4,19) (5,21) (6,0) (8,7) (9,1) (10,15) (11,17) (12,16) (13,6) (14,23) (15,2) (16,5) (17,3) (20,11) (21,18) (22,20) (23,8) (24,24) 
# pairs of queens attacking each other: 5


Solution: (0,22) (1,12) (1,13) (2,9) (2,10) (3,4) (4,14) (4,19) (5,21) (6,0) (8,7) (9,1) (10,15) (11,17) (12,16) (13,6) (14,23) (15,2) (16,5) (17,3) (20,11) (21,18) (22,20) (23,8) (24,24) 
# pairs of queens attacking each other: 5


Solution: (0,22) (1,12) (1,13) (2,9) (2,10) (3,4) (4,14) (4,19) (5,21) (6,0) (8,7) (9,1) (10,15) (11,17) (12,16) (13,6) (14,23) (15,2) (16,5) (17,3) (20,11) (21,18) (22,20) (23,8) (24,24) 
# pairs of queens attacking each other: 5


Solution: (0,22) (1,12) (1,13) (2,9) (2,10) (3,4) (4,14) (4,19) (5,21) (6,0) (8,7) (9,1) (10,15) (11,17) (12,16) (13,6) (14,23) (15,2) (16,5) (17,3) (20,11) (21,18) (22,20) (23,8) (24,24) 
# pairs of queens attacking each other: 5


Solution: (0,22) (1,12) (1,13) (2,9) (2,10) (3,4) (4,14) (4,19) (5,21) (6,0) (8,7) (9,1) (10,15) (11,17) (12,16) (13,6) (14,23) (15,2) (16,5) (17,3) (20,11) (21,18) (22,20) (23,8) (24,24) 
# pairs of queens attacking each other: 5

Done in 1 restarts.
Run Time: 1.595 seconds
Queens: 25
Solution: (0,0) (1,6) (3,9) (4,24) (5,21) (6,15) (7,13) (7,18) (8,16) (9,5) (9,12) (10,17) (16,4) (17,1) (17,19) (19,2) (19,10) (19,22) (20,11) (21,3) (21,14) (22,7) (22,23) (23,20) (24,8) 
# pairs of queens attacking each other: 16


Solution: (0,0) (1,6) (2,1) (3,9) (4,24) (5,21) (6,15) (7,13) (7,18) (8,16) (9,5) (9,12) (10,17) (16,4) (17,19) (19,2) (19,10) (19,22) (20,11) (21,3) (21,14) (22,7) (22,23) (23,20) (24,8) 
# pairs of queens attacking each other: 14

Solution: (0,0) (1,6) (2,1) (3,9) (4,24) (5,21) (6,15) (7,13) (7,18) (8,16) (9,5) (9,12) (10,17) (13,2) (16,4) (17,19) (19,10) (19,22) (20,11) (21,3) (21,14) (22,7) (22,23) (23,20) (24,8) 
# pairs of queens attacking each other: 12

Solution: (0,0) (1,6) (2,1) (3,9) (4,24) (5,3) (5,21) (6,15) (7,13) (7,18) (8,16) (9,5) (9,12) (10,17) (13,2) (16,4) (17,19) (19,10) (19,22) (20,11) (21,14) (22,7) (22,23) (23,20) (24,8) 
# pairs of queens attacking each other: 11

Solution: (0,0) (1,6) (2,1) (3,9) (4,24) (5,3) (5,21) (6,15) (7,13) (7,18) (8,16) (9,5) (9,12) (10,17) (12,4) (13,2) (17,19) (19,10) (19,22) (20,11) (21,14) (22,7) (22,23) (23,20) (24,8) 
# pairs of queens attacking each other: 10

Solution: (0,0) (1,6) (2,1) (3,9) (4,24) (5,3) (5,21) (6,15) (7,13) (7,18) (8,16) (9,12) (10,17) (12,4) (13,2) (17,19) (18,5) (19,10) (19,22) (20,11) (21,14) (22,7) (22,23) (23,20) (24,8) 
# pairs of queens attacking each other: 9

Solution: (0,0) (1,6) (2,1) (3,9) (4,24) (5,3) (5,21) (6,15) (7,13) (7,18) (8,16) (9,12) (10,17) (12,4) (13,2) (17,19) (18,5) (19,10) (19,22) (20,11) (21,14) (22,7) (22,23) (23,20) (24,8) 
# pairs of queens attacking each other: 9


Solution: (0,0) (1,6) (2,1) (3,9) (4,24) (5,3) (5,21) (6,15) (7,13) (7,18) (8,16) (9,12) (10,17) (11,7) (12,4) (13,2) (17,19) (18,5) (19,10) (19,22) (20,11) (21,14) (22,23) (23,20) (24,8) 
# pairs of queens attacking each other: 7

Solution: (0,0) (1,6) (2,1) (3,9) (4,24) (5,3) (5,21) (6,15) (7,13) (7,18) (8,16) (9,12) (10,17) (11,7) (12,4) (13,2) (17,19) (18,5) (19,10) (19,22) (20,11) (21,14) (22,23) (23,20) (24,8) 
# pairs of queens attacking each other: 7


Solution: (0,0) (1,6) (2,1) (3,9) (4,24) (5,3) (5,21) (6,15) (7,13) (7,18) (8,16) (9,12) (10,17) (11,7) (12,4) (13,2) (17,19) (18,5) (19,10) (19,22) (20,11) (21,14) (22,23) (23,20) (24,8) 
# pairs of queens attacking each other: 7


Solution: (0,0) (0,10) (1,6) (2,1) (3,9) (4,24) (5,3) (5,21) (6,15) (7,13) (7,18) (8,16) (9,12) (10,17) (11,7) (12,4) (13,2) (17,19) (18,5) (19,22) (20,11) (21,14) (22,23) (23,20) (24,8) 
# pairs of queens attacking each other: 6

Solution: (0,0) (0,10) (1,6) (2,1) (3,9) (4,24) (5,3) (5,21) (6,15) (7,13) (7,18) (8,16) (9,12) (10,17) (11,7) (12,4) (13,2) (17,19) (18,5) (19,22) (20,11) (21,14) (22,23) (23,20) (24,8) 
# pairs of queens attacking each other: 6


Solution: (0,0) (0,10) (1,6) (2,1) (3,9) (4,24) (5,3) (5,21) (6,15) (7,13) (7,18) (8,16) (10,17) (11,7) (12,4) (13,2) (17,12) (17,19) (18,5) (19,22) (20,11) (21,14) (22,23) (23,20) (24,8) 
# pairs of queens attacking each other: 5

Solution: (0,0) (0,10) (1,6) (2,1) (3,9) (4,24) (5,3) (5,21) (6,15) (7,18) (8,16) (9,13) (10,17) (11,7) (12,4) (13,2) (17,12) (17,19) (18,5) (19,22) (20,11) (21,14) (22,23) (23,20) (24,8) 
# pairs of queens attacking each other: 3

Solution: (0,0) (0,10) (1,6) (2,1) (3,9) (4,24) (5,3) (5,21) (6,15) (7,18) (8,16) (9,13) (10,17) (11,7) (12,4) (13,2) (17,12) (17,19) (18,5) (19,22) (20,11) (21,14) (22,23) (23,20) (24,8) 
# pairs of queens attacking each other: 3


Solution: (0,0) (0,10) (1,6) (2,1) (3,9) (4,24) (5,3) (5,21) (6,15) (7,18) (8,16) (9,13) (10,17) (11,7) (12,4) (13,2) (17,12) (17,19) (18,5) (19,22) (20,11) (21,14) (22,23) (23,20) (24,8) 
# pairs of queens attacking each other: 3


Solution: (0,0) (0,10) (1,6) (2,1) (3,9) (4,24) (5,3) (5,21) (6,15) (7,18) (8,16) (9,13) (10,17) (11,7) (12,4) (13,2) (17,12) (17,19) (18,5) (19,22) (20,11) (21,14) (22,23) (23,20) (24,8) 
# pairs of queens attacking each other: 3


Solution: (0,0) (0,10) (1,6) (2,1) (3,9) (4,24) (5,3) (5,21) (6,15) (7,18) (8,16) (9,13) (10,17) (11,7) (12,4) (13,2) (17,12) (17,19) (18,5) (19,22) (20,11) (21,14) (22,23) (23,20) (24,8) 
# pairs of queens attacking each other: 3


Solution: (0,0) (0,10) (1,6) (2,1) (3,9) (4,24) (5,3) (5,21) (6,15) (7,18) (8,16) (9,13) (10,17) (11,7) (12,4) (13,2) (17,12) (17,19) (18,5) (19,22) (20,11) (21,14) (22,23) (23,20) (24,8) 
# pairs of queens attacking each other: 3


Solution: (0,0) (0,10) (1,6) (2,1) (3,9) (4,24) (5,3) (5,21) (6,15) (7,18) (8,16) (9,13) (10,17) (11,7) (12,4) (13,2) (17,12) (17,19) (18,5) (19,22) (20,11) (21,14) (22,23) (23,20) (24,8) 
# pairs of queens attacking each other: 3


Solution: (0,0) (0,10) (1,6) (2,1) (3,9) (4,24) (5,3) (5,21) (6,15) (7,18) (8,16) (9,13) (10,17) (11,7) (12,4) (13,2) (17,12) (17,19) (18,5) (19,22) (20,11) (21,14) (22,23) (23,20) (24,8) 
# pairs of queens attacking each other: 3


Solution: (0,0) (0,10) (1,6) (2,1) (3,9) (4,24) (5,3) (5,21) (6,15) (7,18) (8,16) (9,13) (10,17) (11,7) (12,4) (13,2) (17,12) (17,19) (18,5) (19,22) (20,11) (21,14) (22,23) (23,20) (24,8) 
# pairs of queens attacking each other: 3


Solution: (0,0) (0,10) (1,6) (2,1) (3,9) (4,24) (5,3) (5,21) (6,15) (7,18) (8,16) (9,13) (10,17) (11,7) (12,4) (13,2) (17,12) (17,19) (18,5) (19,22) (20,11) (21,14) (22,23) (23,20) (24,8) 
# pairs of queens attacking each other: 3


Solution: (0,0) (0,10) (1,6) (2,1) (3,9) (4,24) (5,3) (5,21) (6,15) (7,18) (8,16) (9,13) (10,17) (11,7) (12,4) (13,2) (17,12) (17,19) (18,5) (19,22) (20,11) (21,14) (22,23) (23,20) (24,8) 
# pairs of queens attacking each other: 3


Solution: (0,0) (0,10) (1,6) (2,1) (3,9) (4,24) (5,3) (5,21) (6,15) (7,18) (8,16) (9,13) (10,17) (11,7) (12,4) (13,2) (17,12) (17,19) (18,5) (19,22) (20,11) (21,14) (22,23) (23,20) (24,8) 
# pairs of queens attacking each other: 3

Done in 2 restarts.
Run Time: 2.363 seconds
Queens: 25
Solution: (0,2) (0,8) (1,4) (1,18) (3,10) (3,23) (5,14) (6,3) (6,9) (6,12) (6,22) (7,5) (7,6) (9,15) (9,24) (10,0) (11,7) (12,16) (12,17) (12,19) (12,21) (13,11) (13,20) (19,1) (19,13) 
# pairs of queens attacking each other: 26

Solution: (0,2) (0,8) (1,4) (1,18) (3,10) (3,23) (5,14) (6,3) (6,9) (6,12) (6,22) (7,5) (7,6) (9,15) (9,24) (10,0) (11,7) (12,16) (12,17) (12,19) (12,21) (13,11) (13,20) (15,1) (19,13) 
# pairs of queens attacking each other: 25

Solution: (0,8) (1,4) (1,18) (2,2) (3,10) (3,23) (5,14) (6,3) (6,9) (6,12) (6,22) (7,5) (7,6) (9,15) (9,24) (10,0) (11,7) (12,16) (12,17) (12,19) (12,21) (13,11) (13,20) (15,1) (19,13) 
# pairs of queens attacking each other: 24

Solution: (0,8) (1,4) (1,18) (2,2) (3,10) (3,23) (5,14) (6,9) (6,12) (6,22) (7,5) (7,6) (8,3) (9,15) (9,24) (10,0) (11,7) (12,16) (12,17) (12,19) (12,21) (13,11) (13,20) (15,1) (19,13) 
# pairs of queens attacking each other: 23

Solution: (0,8) (1,18) (2,2) (3,10) (3,23) (5,14) (6,9) (6,12) (6,22) (7,5) (7,6) (8,3) (9,15) (9,24) (10,0) (11,7) (12,16) (12,17) (12,19) (12,21) (13,11) (13,20) (15,1) (16,4) (19,13) 
# pairs of queens attacking each other: 21

Solution: (0,8) (1,18) (2,2) (3,10) (3,23) (4,5) (5,14) (6,9) (6,12) (6,22) (7,6) (8,3) (9,15) (9,24) (10,0) (11,7) (12,16) (12,17) (12,19) (12,21) (13,11) (13,20) (15,1) (16,4) (19,13) 
# pairs of queens attacking each other: 19

Solution: (0,8) (1,18) (2,2) (3,10) (3,23) (4,5) (5,14) (6,9) (6,12) (6,22) (8,3) (9,15) (9,24) (10,0) (11,7) (12,16) (12,17) (12,19) (12,21) (13,11) (13,20) (15,1) (16,4) (17,6) (19,13) 
# pairs of queens attacking each other: 18

Solution: (0,8) (1,18) (2,2) (3,10) (3,23) (4,5) (5,14) (6,9) (6,12) (6,22) (8,3) (9,15) (9,24) (10,0) (12,16) (12,17) (12,19) (12,21) (13,11) (13,20) (14,7) (15,1) (16,4) (17,6) (19,13) 
# pairs of queens attacking each other: 17

Solution: (0,8) (1,18) (2,2) (3,10) (3,23) (4,5) (5,14) (6,9) (6,12) (6,22) (8,3) (9,15) (9,24) (10,0) (12,16) (12,17) (12,19) (12,21) (13,11) (13,20) (14,7) (15,1) (16,4) (17,6) (19,13) 
# pairs of queens attacking each other: 17


Solution: (0,8) (1,18) (2,2) (3,10) (3,23) (4,5) (5,14) (6,12) (6,22) (8,3) (9,15) (9,24) (10,0) (12,16) (12,17) (12,19) (12,21) (13,11) (13,20) (14,7) (15,1) (16,4) (17,6) (18,9) (19,13) 
# pairs of queens attacking each other: 16

Solution: (0,8) (1,18) (2,2) (3,23) (4,5) (5,14) (6,12) (6,22) (7,10) (8,3) (9,15) (9,24) (10,0) (12,16) (12,17) (12,19) (12,21) (13,11) (13,20) (14,7) (15,1) (16,4) (17,6) (18,9) (19,13) 
# pairs of queens attacking each other: 14

Solution: (0,8) (1,18) (2,2) (3,23) (4,5) (5,14) (6,12) (6,22) (7,10) (8,3) (9,15) (9,24) (10,0) (12,16) (12,17) (12,19) (12,21) (13,20) (14,7) (15,1) (16,4) (17,6) (18,9) (19,13) (24,11) 
# pairs of queens attacking each other: 12

Solution: (0,8) (0,12) (1,18) (2,2) (3,23) (4,5) (5,14) (6,22) (7,10) (8,3) (9,15) (9,24) (10,0) (12,16) (12,17) (12,19) (12,21) (13,20) (14,7) (15,1) (16,4) (17,6) (18,9) (19,13) (24,11) 
# pairs of queens attacking each other: 11

Solution: (0,8) (0,12) (1,18) (2,2) (3,23) (4,5) (5,14) (6,22) (7,10) (8,3) (9,15) (9,24) (10,0) (12,16) (12,17) (12,19) (12,21) (13,20) (14,7) (15,1) (16,4) (17,6) (18,9) (19,13) (24,11) 
# pairs of queens attacking each other: 11


Solution: (0,8) (0,12) (1,18) (2,2) (3,23) (4,5) (6,22) (7,10) (8,3) (9,15) (9,24) (10,0) (12,16) (12,17) (12,19) (12,21) (13,20) (14,7) (15,1) (16,4) (17,6) (18,9) (19,13) (22,14) (24,11) 
# pairs of queens attacking each other: 9

Solution: (0,8) (0,12) (1,18) (2,2) (3,23) (4,5) (6,22) (7,10) (8,3) (9,15) (9,24) (10,0) (12,16) (12,17) (12,19) (12,21) (13,20) (14,7) (15,1) (16,4) (17,6) (18,9) (19,13) (22,14) (24,11) 
# pairs of queens attacking each other: 9


Solution: (0,8) (0,12) (1,18) (2,2) (2,16) (3,23) (4,5) (6,22) (7,10) (8,3) (9,15) (9,24) (10,0) (12,17) (12,19) (12,21) (13,20) (14,7) (15,1) (16,4) (17,6) (18,9) (19,13) (22,14) (24,11) 
# pairs of queens attacking each other: 8

Solution: (0,8) (0,12) (1,18) (2,2) (2,16) (3,23) (4,5) (6,22) (7,10) (8,3) (9,15) (9,24) (10,0) (12,19) (12,21) (13,20) (14,7) (15,1) (16,4) (17,6) (18,9) (19,13) (20,17) (22,14) (24,11) 
# pairs of queens attacking each other: 7

Solution: (0,8) (0,12) (1,18) (2,2) (2,16) (3,23) (4,5) (6,22) (7,10) (8,3) (9,15) (9,24) (10,0) (12,19) (12,21) (13,20) (14,7) (15,1) (16,4) (17,6) (18,9) (19,13) (20,17) (22,14) (24,11) 
# pairs of queens attacking each other: 7


Solution: (0,8) (0,12) (1,18) (2,2) (2,16) (3,23) (4,5) (6,22) (7,10) (8,3) (9,15) (9,24) (10,0) (12,21) (13,20) (14,7) (15,1) (16,4) (17,6) (18,9) (19,13) (20,17) (21,19) (22,14) (24,11) 
# pairs of queens attacking each other: 5

Solution: (0,8) (0,12) (1,18) (2,2) (2,16) (3,23) (4,5) (6,22) (7,10) (8,3) (9,15) (9,24) (10,0) (12,21) (13,20) (14,7) (15,1) (16,4) (17,6) (18,9) (19,13) (20,17) (21,19) (22,14) (24,11) 
# pairs of queens attacking each other: 5


Solution: (0,8) (0,12) (1,18) (2,2) (2,16) (3,23) (4,5) (6,22) (7,10) (8,3) (9,15) (9,24) (10,0) (12,21) (13,20) (14,7) (15,1) (16,4) (17,6) (18,9) (19,13) (20,17) (21,19) (22,14) (24,11) 
# pairs of queens attacking each other: 5


Solution: (0,8) (0,12) (1,18) (2,2) (2,16) (3,23) (4,5) (6,22) (7,10) (8,3) (9,15) (9,24) (10,0) (12,21) (13,20) (14,7) (15,1) (16,4) (17,6) (18,9) (19,13) (20,17) (21,19) (22,14) (24,11) 
# pairs of queens attacking each other: 5


Solution: (0,8) (0,12) (1,18) (2,2) (2,16) (3,23) (4,5) (6,22) (7,10) (8,3) (9,15) (9,24) (10,0) (12,21) (13,20) (14,7) (15,1) (16,4) (17,6) (18,9) (19,13) (20,17) (21,19) (22,14) (24,11) 
# pairs of queens attacking each other: 5


Solution: (0,8) (0,12) (1,18) (2,2) (2,16) (3,23) (4,5) (5,24) (6,22) (7,10) (8,3) (9,15) (10,0) (12,21) (13,20) (14,7) (15,1) (16,4) (17,6) (18,9) (19,13) (20,17) (21,19) (22,14) (24,11) 
# pairs of queens attacking each other: 3
Done in 3 restarts.
Run Time: 3.131 seconds
Queens: 25
Solution: (0,9) (0,13) (0,23) (1,12) (3,24) (6,14) (8,0) (9,4) (11,1) (12,2) (12,18) (13,6) (14,22) (15,20) (16,17) (17,8) (17,15) (18,19) (20,5) (20,16) (20,21) (21,7) (22,10) (22,11) (23,3) 
# pairs of queens attacking each other: 17


Solution: (0,9) (0,13) (0,23) (1,12) (2,1) (3,24) (6,14) (8,0) (9,4) (12,2) (12,18) (13,6) (14,22) (15,20) (16,17) (17,8) (17,15) (18,19) (20,5) (20,16) (20,21) (21,7) (22,10) (22,11) (23,3) 
# pairs of queens attacking each other: 16

Solution: (0,9) (0,13) (0,23) (1,12) (2,1) (3,24) (5,2) (6,14) (8,0) (9,4) (12,18) (13,6) (14,22) (15,20) (16,17) (17,8) (17,15) (18,19) (20,5) (20,16) (20,21) (21,7) (22,10) (22,11) (23,3) 
# pairs of queens attacking each other: 15

Solution: (0,9) (0,13) (0,23) (1,12) (2,1) (3,24) (5,2) (6,14) (8,0) (9,4) (12,18) (13,6) (14,22) (15,20) (16,17) (17,8) (17,15) (18,19) (20,5) (20,16) (20,21) (21,7) (22,10) (22,11) (23,3) 
# pairs of queens attacking each other: 15


Solution: (0,9) (0,13) (0,23) (1,12) (2,1) (3,24) (5,2) (6,14) (8,0) (10,4) (12,18) (13,6) (14,22) (15,20) (16,17) (17,8) (17,15) (18,19) (20,5) (20,16) (20,21) (21,7) (22,10) (22,11) (23,3) 
# pairs of queens attacking each other: 14

Solution: (0,9) (0,13) (0,23) (1,12) (2,1) (3,24) (5,2) (6,14) (8,0) (10,4) (12,18) (13,6) (14,22) (15,20) (16,17) (17,8) (17,15) (18,19) (20,16) (20,21) (21,7) (22,10) (22,11) (23,3) (24,5) 
# pairs of queens attacking each other: 12

Solution: (0,9) (0,13) (0,23) (1,12) (2,1) (3,24) (5,2) (6,14) (8,0) (10,4) (12,18) (13,6) (14,22) (15,20) (16,17) (17,8) (17,15) (18,19) (20,16) (20,21) (21,7) (22,10) (22,11) (23,3) (24,5) 
# pairs of queens attacking each other: 12


Solution: (0,9) (0,13) (0,23) (1,12) (2,1) (3,24) (5,2) (6,14) (8,0) (10,4) (12,18) (13,6) (14,22) (15,20) (16,17) (17,8) (17,15) (18,19) (20,16) (20,21) (21,7) (22,10) (22,11) (23,3) (24,5) 
# pairs of queens attacking each other: 12


Solution: (0,9) (0,13) (0,23) (1,12) (2,1) (3,24) (4,8) (5,2) (6,14) (8,0) (10,4) (12,18) (13,6) (14,22) (15,20) (16,17) (17,15) (18,19) (20,16) (20,21) (21,7) (22,10) (22,11) (23,3) (24,5) 
# pairs of queens attacking each other: 11

Solution: (0,13) (0,23) (1,12) (2,1) (3,24) (4,8) (5,2) (6,14) (7,9) (8,0) (10,4) (12,18) (13,6) (14,22) (15,20) (16,17) (17,15) (18,19) (20,16) (20,21) (21,7) (22,10) (22,11) (23,3) (24,5) 
# pairs of queens attacking each other: 10

Solution: (0,10) (0,13) (0,23) (1,12) (2,1) (3,24) (4,8) (5,2) (6,14) (7,9) (8,0) (10,4) (12,18) (13,6) (14,22) (15,20) (16,17) (17,15) (18,19) (20,16) (20,21) (21,7) (22,11) (23,3) (24,5) 
# pairs of queens attacking each other: 9

Solution: (0,10) (0,13) (0,23) (1,12) (2,1) (3,24) (4,8) (5,2) (6,14) (7,9) (8,0) (10,4) (11,11) (12,18) (13,6) (14,22) (15,20) (16,17) (17,15) (18,19) (20,16) (20,21) (21,7) (23,3) (24,5) 
# pairs of queens attacking each other: 8

Solution: (0,10) (0,13) (0,23) (2,1) (3,24) (4,8) (5,2) (6,14) (7,9) (8,0) (9,12) (10,4) (11,11) (12,18) (13,6) (14,22) (15,20) (16,17) (17,15) (18,19) (20,16) (20,21) (21,7) (23,3) (24,5) 
# pairs of queens attacking each other: 7

Solution: (0,10) (0,13) (0,23) (2,1) (3,24) (4,8) (5,2) (6,14) (7,9) (8,0) (9,12) (10,4) (11,11) (12,18) (13,6) (14,22) (15,20) (16,17) (17,15) (18,19) (20,16) (20,21) (21,7) (23,3) (24,5) 
# pairs of queens attacking each other: 7


Solution: (0,10) (0,13) (0,23) (2,1) (3,24) (4,8) (5,2) (6,14) (7,9) (8,0) (9,12) (10,4) (11,11) (12,18) (13,6) (14,22) (15,20) (16,17) (17,15) (18,19) (20,16) (20,21) (21,7) (23,3) (24,5) 
# pairs of queens attacking each other: 7


Solution: (0,10) (0,13) (0,23) (2,1) (3,24) (4,8) (5,2) (6,14) (7,9) (8,0) (9,12) (10,4) (11,11) (12,18) (13,6) (14,22) (15,20) (16,17) (17,15) (18,19) (20,16) (20,21) (21,7) (23,3) (24,5) 
# pairs of queens attacking each other: 7


Solution: (0,10) (0,13) (0,23) (1,16) (2,1) (3,24) (4,8) (5,2) (6,14) (7,9) (8,0) (9,12) (10,4) (11,11) (12,18) (13,6) (14,22) (15,20) (16,17) (17,15) (18,19) (20,21) (21,7) (23,3) (24,5) 
# pairs of queens attacking each other: 5

Solution: (0,10) (0,13) (0,23) (1,16) (2,1) (3,24) (4,8) (5,2) (6,14) (7,9) (8,0) (9,12) (10,4) (11,11) (12,18) (13,6) (14,22) (15,20) (17,15) (18,19) (20,21) (21,7) (22,17) (23,3) (24,5) 
# pairs of queens attacking each other: 4

Solution: (0,10) (0,13) (0,23) (1,16) (2,1) (3,24) (4,8) (5,2) (6,14) (7,9) (8,0) (9,12) (10,4) (11,11) (12,18) (13,6) (14,22) (15,20) (17,15) (18,19) (20,21) (21,7) (22,17) (23,3) (24,5) 
# pairs of queens attacking each other: 4


Solution: (0,10) (0,13) (0,23) (1,16) (2,1) (3,24) (4,8) (5,2) (6,14) (7,9) (8,0) (9,12) (10,4) (11,11) (12,18) (13,6) (14,22) (15,20) (17,15) (18,19) (20,21) (21,7) (22,17) (23,3) (24,5) 
# pairs of queens attacking each other: 4


Solution: (0,10) (0,13) (0,23) (1,16) (2,1) (3,24) (4,8) (5,2) (6,14) (7,9) (8,0) (9,12) (10,4) (11,11) (12,18) (13,6) (14,22) (15,20) (17,15) (18,19) (20,21) (21,7) (22,17) (23,3) (24,5) 
# pairs of queens attacking each other: 4


Solution: (0,10) (0,13) (0,23) (1,16) (2,1) (3,24) (4,8) (5,2) (6,14) (7,9) (8,0) (9,12) (10,4) (11,11) (12,18) (13,6) (14,22) (15,20) (17,15) (18,19) (20,21) (21,7) (22,17) (23,3) (24,5) 
# pairs of queens attacking each other: 4


Solution: (0,10) (0,13) (0,23) (1,16) (2,1) (3,24) (4,8) (5,2) (6,14) (7,9) (8,0) (9,12) (10,4) (11,11) (12,18) (13,6) (14,22) (15,20) (17,15) (18,19) (20,21) (21,7) (22,17) (23,3) (24,5) 
# pairs of queens attacking each other: 4


Solution: (0,10) (0,13) (0,23) (1,16) (2,1) (3,24) (4,8) (5,2) (6,14) (7,9) (8,0) (9,12) (10,4) (11,11) (12,18) (13,6) (14,22) (15,20) (17,15) (18,19) (20,21) (21,7) (22,17) (23,3) (24,5) 
# pairs of queens attacking each other: 4


Solution: (0,10) (0,13) (0,23) (1,16) (2,1) (3,24) (4,8) (5,2) (6,14) (7,9) (8,0) (9,12) (10,4) (11,11) (12,18) (13,6) (14,22) (15,20) (17,15) (18,19) (20,21) (21,7) (22,17) (23,3) (24,5) 
# pairs of queens attacking each other: 4

Done in 4 restarts.
Run Time: 3.912 seconds
Queens: 25
Solution: (0,2) (1,7) (1,16) (2,17) (4,3) (4,18) (5,4) (5,15) (6,6) (7,13) (7,19) (7,23) (8,5) (9,22) (10,8) (14,11) (15,0) (16,24) (17,9) (19,1) (19,20) (20,21) (21,10) (21,14) (24,12) 
# pairs of queens attacking each other: 16

Solution: (0,2) (1,7) (1,16) (2,17) (4,3) (4,18) (5,4) (5,15) (6,6) (7,13) (7,19) (7,23) (8,5) (9,22) (10,8) (14,11) (15,0) (16,24) (17,9) (19,20) (20,21) (21,10) (21,14) (22,1) (24,12) 
# pairs of queens attacking each other: 14

Solution: (0,2) (1,7) (1,16) (2,17) (4,3) (4,18) (5,4) (5,15) (6,6) (7,13) (7,19) (7,23) (8,5) (9,22) (10,8) (14,11) (15,0) (16,24) (17,9) (19,20) (20,21) (21,10) (21,14) (22,1) (24,12) 
# pairs of queens attacking each other: 14


Solution: (0,2) (1,7) (1,16) (2,17) (4,18) (5,4) (5,15) (6,6) (7,13) (7,19) (7,23) (8,5) (9,22) (10,8) (13,3) (14,11) (15,0) (16,24) (17,9) (19,20) (20,21) (21,10) (21,14) (22,1) (24,12) 
# pairs of queens attacking each other: 12

Solution: (0,2) (1,7) (1,16) (2,17) (4,18) (5,15) (6,6) (7,13) (7,19) (7,23) (8,5) (9,22) (10,8) (13,3) (14,11) (15,0) (16,24) (17,9) (19,20) (20,21) (21,10) (21,14) (22,1) (23,4) (24,12) 
# pairs of queens attacking each other: 11

Solution: (0,2) (1,7) (1,16) (2,17) (4,18) (5,15) (6,6) (7,13) (7,19) (7,23) (8,5) (9,22) (10,8) (13,3) (14,11) (15,0) (16,24) (17,9) (19,20) (20,21) (21,10) (21,14) (22,1) (23,4) (24,12) 
# pairs of queens attacking each other: 11


Solution: (0,2) (1,7) (1,16) (2,17) (4,18) (5,15) (6,6) (7,13) (7,19) (7,23) (8,5) (9,22) (10,8) (13,3) (14,11) (15,0) (16,24) (17,9) (19,20) (20,21) (21,10) (21,14) (22,1) (23,4) (24,12) 
# pairs of queens attacking each other: 11


Solution: (0,2) (1,16) (2,17) (3,7) (4,18) (5,15) (6,6) (7,13) (7,19) (7,23) (8,5) (9,22) (10,8) (13,3) (14,11) (15,0) (16,24) (17,9) (19,20) (20,21) (21,10) (21,14) (22,1) (23,4) (24,12) 
# pairs of queens attacking each other: 9

Solution: (0,2) (1,16) (2,17) (3,7) (4,18) (5,15) (6,6) (7,13) (7,19) (7,23) (8,5) (9,22) (10,8) (13,3) (14,11) (15,0) (16,24) (17,9) (19,20) (20,21) (21,10) (21,14) (22,1) (23,4) (24,12) 
# pairs of queens attacking each other: 9


Solution: (0,2) (1,16) (2,17) (3,7) (4,18) (5,15) (6,6) (7,13) (7,19) (7,23) (8,5) (9,22) (10,8) (13,3) (14,11) (15,0) (16,24) (17,9) (19,20) (20,21) (21,10) (21,14) (22,1) (23,4) (24,12) 
# pairs of queens attacking each other: 9


Solution: (0,2) (1,16) (2,17) (3,7) (4,18) (5,15) (6,6) (7,13) (7,19) (7,23) (8,5) (9,22) (10,8) (11,10) (13,3) (14,11) (15,0) (16,24) (17,9) (19,20) (20,21) (21,14) (22,1) (23,4) (24,12) 
# pairs of queens attacking each other: 7

Solution: (0,2) (1,16) (2,17) (3,7) (4,18) (5,15) (6,6) (7,13) (7,19) (7,23) (8,5) (9,22) (10,8) (11,10) (13,3) (14,11) (15,0) (16,24) (17,9) (19,20) (20,21) (21,14) (22,1) (23,4) (24,12) 
# pairs of queens attacking each other: 7


Solution: (0,2) (1,16) (2,17) (3,7) (4,18) (5,15) (6,6) (7,13) (7,19) (7,23) (8,5) (9,22) (10,8) (11,10) (13,3) (14,11) (15,0) (16,24) (17,9) (19,20) (20,21) (21,14) (22,1) (23,4) (24,12) 
# pairs of queens attacking each other: 7


Solution: (0,2) (1,16) (2,17) (3,7) (4,18) (5,15) (6,6) (7,19) (7,23) (8,5) (9,22) (10,8) (11,10) (13,3) (14,11) (15,0) (16,24) (17,9) (18,13) (19,20) (20,21) (21,14) (22,1) (23,4) (24,12) 
# pairs of queens attacking each other: 6

Solution: (0,2) (1,16) (2,17) (3,7) (4,18) (5,15) (6,6) (7,19) (7,23) (8,5) (9,22) (10,8) (11,10) (13,3) (14,11) (15,0) (16,24) (17,9) (18,13) (19,20) (20,21) (21,14) (22,1) (23,4) (24,12) 
# pairs of queens attacking each other: 6


Solution: (0,2) (1,16) (2,17) (3,7) (4,18) (5,15) (6,6) (7,19) (7,23) (8,5) (9,22) (10,8) (11,10) (13,3) (14,11) (15,0) (16,24) (17,9) (18,13) (19,20) (20,21) (21,14) (22,1) (23,4) (24,12) 
# pairs of queens attacking each other: 6


Solution: (0,2) (1,16) (2,17) (3,7) (4,18) (5,15) (6,6) (7,19) (7,23) (8,5) (9,22) (10,8) (11,10) (13,3) (14,11) (15,0) (16,24) (17,9) (18,13) (19,20) (20,21) (21,14) (22,1) (23,4) (24,12) 
# pairs of queens attacking each other: 6


Solution: (0,2) (1,16) (3,7) (4,18) (5,15) (6,6) (7,19) (7,23) (8,5) (9,22) (10,8) (11,10) (12,17) (13,3) (14,11) (15,0) (16,24) (17,9) (18,13) (19,20) (20,21) (21,14) (22,1) (23,4) (24,12) 
# pairs of queens attacking each other: 5

Solution: (0,2) (1,16) (3,7) (4,18) (5,15) (6,6) (7,19) (7,23) (8,5) (9,22) (10,8) (11,10) (12,17) (13,3) (14,11) (15,0) (16,24) (17,9) (18,13) (19,20) (20,21) (21,14) (22,1) (23,4) (24,12) 
# pairs of queens attacking each other: 5


Solution: (0,2) (0,19) (1,16) (3,7) (4,18) (5,15) (6,6) (7,23) (8,5) (9,22) (10,8) (11,10) (12,17) (13,3) (14,11) (15,0) (16,24) (17,9) (18,13) (19,20) (20,21) (21,14) (22,1) (23,4) (24,12) 
# pairs of queens attacking each other: 4

Solution: (0,2) (0,19) (1,16) (3,7) (4,18) (5,15) (6,6) (7,23) (8,5) (9,22) (10,8) (11,10) (12,17) (13,3) (14,11) (15,0) (16,24) (17,9) (18,13) (19,20) (20,21) (21,14) (22,1) (23,4) (24,12) 
# pairs of queens attacking each other: 4


Solution: (0,2) (0,19) (1,16) (3,7) (4,18) (5,15) (6,6) (7,23) (8,5) (9,22) (10,8) (11,10) (12,17) (13,3) (14,11) (15,0) (16,24) (17,9) (18,13) (19,20) (20,21) (21,14) (22,1) (23,4) (24,12) 
# pairs of queens attacking each other: 4


Solution: (0,2) (0,19) (1,16) (2,22) (3,7) (4,18) (5,15) (6,6) (7,23) (8,5) (10,8) (11,10) (12,17) (13,3) (14,11) (15,0) (16,24) (17,9) (18,13) (19,20) (20,21) (21,14) (22,1) (23,4) (24,12) 
# pairs of queens attacking each other: 3

Solution: (0,2) (0,19) (1,16) (2,22) (3,7) (4,18) (5,15) (6,6) (7,23) (8,5) (10,8) (11,10) (12,17) (13,3) (14,11) (15,0) (16,24) (17,9) (18,13) (19,20) (20,21) (21,14) (22,1) (23,4) (24,12) 
# pairs of queens attacking each other: 3


Solution: (0,2) (0,19) (1,16) (2,22) (3,7) (4,18) (5,15) (6,6) (7,23) (8,5) (10,8) (11,10) (12,17) (13,3) (14,11) (15,0) (16,24) (17,9) (18,13) (19,20) (20,21) (21,14) (22,1) (23,4) (24,12) 
# pairs of queens attacking each other: 3

Done in 5 restarts.
Run Time: 4.711 seconds
Queens: 25