
Solution: (0,2) (0,6) (0,21) (3,5) (5,7) (5,20) (5,24) (6,16) (6,23) (8,4) (10,1) (10,9) (10,12) (10,18) (13,3) (14,0) (15,8) (15,13) (15,14) (15,22) (16,15) (19,19) (21,10) (22,11) (23,17) 
# pairs of queens attacking each other: 23

Solution: (0,2) (0,6) (0,21) (3,5) (4,1) (5,7) (5,20) (5,24) (6,16) (6,23) (8,4) (10,9) (10,12) (10,18) (13,3) (14,0) (15,8) (15,13) (15,14) (15,22) (16,15) (19,19) (21,10) (22,11) (23,17) 
# pairs of queens attacking each other: 22

Solution: (0,6) (0,21) (1,2) (3,5) (4,1) (5,7) (5,20) (5,24) (6,16) (6,23) (8,4) (10,9) (10,12) (10,18) (13,3) (14,0) (15,8) (15,13) (15,14) (15,22) (16,15) (19,19) (21,10) (22,11) (23,17) 
# pairs of queens attacking each other: 20

Solution: (0,6) (0,21) (1,2) (3,5) (4,1) (5,7) (5,20) (5,24) (6,16) (6,23) (8,4) (10,9) (10,12) (10,18) (13,3) (14,0) (15,8) (15,13) (15,14) (15,22) (16,15) (19,19) (21,10) (22,11) (23,17) 
# pairs of queens attacking each other: 20


Solution: (0,6) (0,21) (1,2) (3,5) (4,1) (5,7) (5,20) (5,24) (6,16) (6,23) (9,4) (10,9) (10,12) (10,18) (13,3) (14,0) (15,8) (15,13) (15,14) (15,22) (16,15) (19,19) (21,10) (22,11) (23,17) 
# pairs of queens attacking each other: 19

Solution: (0,6) (0,21) (1,2) (2,5) (4,1) (5,7) (5,20) (5,24) (6,16) (6,23) (9,4) (10,9) (10,12) (10,18) (13,3) (14,0) (15,8) (15,13) (15,14) (15,22) (16,15) (19,19) (21,10) (22,11) (23,17) 
# pairs of queens attacking each other: 18

Solution: (0,21) (1,2) (2,5) (4,1) (5,7) (5,20) (5,24) (6,16) (6,23) (9,4) (10,9) (10,12) (10,18) (13,3) (14,0) (15,8) (15,13) (15,14) (15,22) (16,15) (18,6) (19,19) (21,10) (22,11) (23,17) 
# pairs of queens attacking each other: 17

Solution: (0,21) (1,2) (2,5) (3,7) (4,1) (5,20) (5,24) (6,16) (6,23) (9,4) (10,9) (10,12) (10,18) (13,3) (14,0) (15,8) (15,13) (15,14) (15,22) (16,15) (18,6) (19,19) (21,10) (22,11) (23,17) 
# pairs of queens attacking each other: 15

Solution: (0,21) (1,2) (2,5) (3,7) (4,1) (5,20) (5,24) (6,16) (6,23) (9,4) (10,9) (10,12) (10,18) (12,8) (13,3) (14,0) (15,13) (15,14) (15,22) (16,15) (18,6) (19,19) (21,10) (22,11) (23,17) 
# pairs of queens attacking each other: 14

Solution: (0,21) (1,2) (2,5) (3,7) (4,1) (5,20) (5,24) (6,16) (6,23) (9,4) (10,12) (10,18) (12,8) (13,3) (14,0) (15,13) (15,14) (15,22) (16,15) (17,9) (18,6) (19,19) (21,10) (22,11) (23,17) 
# pairs of queens attacking each other: 12

Solution: (0,21) (1,2) (1,10) (2,5) (3,7) (4,1) (5,20) (5,24) (6,16) (6,23) (9,4) (10,12) (10,18) (12,8) (13,3) (14,0) (15,13) (15,14) (15,22) (16,15) (17,9) (18,6) (19,19) (22,11) (23,17) 
# pairs of queens attacking each other: 11

Solution: (0,21) (1,2) (1,10) (2,5) (3,7) (4,1) (5,20) (5,24) (6,16) (6,23) (9,4) (10,12) (10,18) (12,8) (13,3) (14,0) (15,13) (15,14) (15,22) (16,15) (17,9) (18,6) (19,19) (22,11) (23,17) 
# pairs of queens attacking each other: 11


Solution: (0,21) (1,2) (1,10) (2,5) (3,7) (4,1) (5,20) (5,24) (6,16) (6,23) (7,12) (9,4) (10,18) (12,8) (13,3) (14,0) (15,13) (15,14) (15,22) (16,15) (17,9) (18,6) (19,19) (22,11) (23,17) 
# pairs of queens attacking each other: 9

Solution: (0,21) (1,2) (1,10) (2,5) (2,13) (3,7) (4,1) (5,20) (5,24) (6,16) (6,23) (7,12) (9,4) (10,18) (12,8) (13,3) (14,0) (15,14) (15,22) (16,15) (17,9) (18,6) (19,19) (22,11) (23,17) 
# pairs of queens attacking each other: 8

Solution: (0,21) (1,2) (1,10) (2,5) (2,13) (3,7) (4,1) (5,20) (5,24) (6,16) (6,23) (7,12) (9,4) (10,18) (12,8) (13,3) (14,0) (15,22) (16,15) (17,9) (18,6) (19,19) (21,14) (22,11) (23,17) 
# pairs of queens attacking each other: 5

Solution: (0,21) (1,2) (1,10) (2,5) (2,13) (3,7) (4,1) (5,20) (5,24) (6,16) (6,23) (7,12) (9,4) (10,18) (12,8) (13,3) (14,0) (15,22) (16,15) (17,9) (18,6) (19,19) (21,14) (22,11) (23,17) 
# pairs of queens attacking each other: 5


Solution: (0,21) (1,2) (1,10) (2,5) (2,13) (3,7) (4,1) (5,20) (5,24) (6,16) (6,23) (7,12) (9,4) (10,18) (12,8) (13,3) (14,0) (15,22) (16,15) (17,9) (18,6) (19,19) (21,14) (22,11) (23,17) 
# pairs of queens attacking each other: 5


Solution: (0,21) (1,2) (1,10) (2,5) (2,13) (3,7) (4,1) (5,20) (5,24) (6,16) (6,23) (7,12) (9,4) (10,18) (12,8) (13,3) (14,0) (15,22) (16,15) (17,9) (18,6) (19,19) (21,14) (22,11) (23,17) 
# pairs of queens attacking each other: 5


Solution: (0,21) (1,2) (1,10) (2,5) (2,13) (3,7) (4,1) (5,20) (5,24) (6,16) (6,23) (7,12) (9,4) (10,18) (12,8) (13,3) (14,0) (15,22) (16,15) (17,9) (18,6) (19,19) (21,14) (22,11) (23,17) 
# pairs of queens attacking each other: 5


Solution: (0,21) (1,2) (1,10) (2,5) (2,13) (3,7) (4,1) (5,20) (5,24) (6,16) (6,23) (7,12) (9,4) (10,18) (12,8) (13,3) (14,0) (15,22) (16,15) (17,9) (18,6) (19,19) (21,14) (22,11) (23,17) 
# pairs of queens attacking each other: 5


Solution: (0,21) (1,2) (1,10) (2,5) (2,13) (3,7) (4,1) (5,20) (5,24) (6,16) (6,23) (7,12) (9,4) (10,18) (12,8) (13,3) (14,0) (15,22) (16,15) (17,9) (18,6) (19,19) (21,14) (22,11) (23,17) 
# pairs of queens attacking each other: 5


Solution: (0,21) (1,2) (1,10) (2,5) (2,13) (3,7) (4,1) (5,20) (5,24) (6,16) (6,23) (7,12) (9,4) (10,18) (12,8) (13,3) (14,0) (15,22) (16,15) (17,9) (18,6) (19,19) (21,14) (22,11) (23,17) 
# pairs of queens attacking each other: 5


Solution: (0,21) (1,2) (1,10) (2,5) (2,13) (3,7) (4,1) (5,20) (5,24) (6,16) (6,23) (7,12) (9,4) (10,18) (12,8) (13,3) (14,0) (15,22) (16,15) (17,9) (18,6) (19,19) (21,14) (22,11) (23,17) 
# pairs of queens attacking each other: 5


Solution: (0,21) (1,2) (1,10) (2,5) (2,13) (3,7) (4,1) (5,20) (5,24) (6,16) (7,12) (9,4) (10,18) (11,23) (12,8) (13,3) (14,0) (15,22) (16,15) (17,9) (18,6) (19,19) (21,14) (22,11) (23,17) 
# pairs of queens attacking each other: 3

Solution: (0,21) (1,2) (1,10) (2,5) (2,13) (3,7) (4,1) (5,20) (6,16) (7,12) (8,24) (9,4) (10,18) (11,23) (12,8) (13,3) (14,0) (15,22) (16,15) (17,9) (18,6) (19,19) (21,14) (22,11) (23,17) 
# pairs of queens attacking each other: 2
Done in 0 restarts.
Run Time: 0.83 seconds
Queens: 25
Solution: (0,0) (2,22) (4,13) (5,16) (5,20) (5,21) (7,14) (8,24) (10,4) (10,17) (12,6) (12,10) (13,1) (14,8) (15,3) (15,5) (16,7) (16,19) (21,9) (21,18) (21,23) (22,2) (23,12) (23,15) (24,11) 
# pairs of queens attacking each other: 22

Solution: (0,0) (2,22) (4,13) (5,16) (5,20) (5,21) (6,1) (7,14) (8,24) (10,4) (10,17) (12,6) (12,10) (14,8) (15,3) (15,5) (16,7) (16,19) (21,9) (21,18) (21,23) (22,2) (23,12) (23,15) (24,11) 
# pairs of queens attacking each other: 20

Solution: (0,0) (1,2) (2,22) (4,13) (5,16) (5,20) (5,21) (6,1) (7,14) (8,24) (10,4) (10,17) (12,6) (12,10) (14,8) (15,3) (15,5) (16,7) (16,19) (21,9) (21,18) (21,23) (23,12) (23,15) (24,11) 
# pairs of queens attacking each other: 19

Solution: (0,0) (1,2) (2,22) (3,3) (4,13) (5,16) (5,20) (5,21) (6,1) (7,14) (8,24) (10,4) (10,17) (12,6) (12,10) (14,8) (15,5) (16,7) (16,19) (21,9) (21,18) (21,23) (23,12) (23,15) (24,11) 
# pairs of queens attacking each other: 17

Solution: (0,0) (1,2) (2,22) (3,3) (4,13) (5,16) (5,20) (5,21) (6,1) (7,14) (8,24) (10,17) (11,4) (12,6) (12,10) (14,8) (15,5) (16,7) (16,19) (21,9) (21,18) (21,23) (23,12) (23,15) (24,11) 
# pairs of queens attacking each other: 15

Solution: (0,0) (1,2) (2,22) (3,3) (4,13) (5,16) (5,20) (5,21) (6,1) (7,14) (8,24) (10,17) (11,4) (12,6) (12,10) (14,8) (15,5) (16,7) (16,19) (21,9) (21,18) (21,23) (23,12) (23,15) (24,11) 
# pairs of queens attacking each other: 15


Solution: (0,0) (1,2) (2,22) (3,3) (4,13) (5,16) (5,20) (5,21) (6,1) (7,14) (8,24) (10,17) (11,4) (12,10) (14,8) (15,5) (16,7) (16,19) (21,9) (21,18) (21,23) (22,6) (23,12) (23,15) (24,11) 
# pairs of queens attacking each other: 13

Solution: (0,0) (1,2) (2,22) (3,3) (4,13) (5,16) (5,20) (5,21) (6,1) (7,14) (8,24) (10,17) (11,4) (12,10) (14,8) (15,5) (16,7) (16,19) (21,9) (21,18) (21,23) (22,6) (23,12) (23,15) (24,11) 
# pairs of queens attacking each other: 13


Solution: (0,0) (1,2) (2,22) (3,3) (4,13) (5,16) (5,20) (5,21) (6,1) (7,14) (8,24) (10,17) (11,4) (12,10) (14,8) (15,5) (16,7) (16,19) (21,9) (21,18) (21,23) (22,6) (23,12) (23,15) (24,11) 
# pairs of queens attacking each other: 13


Solution: (0,0) (1,2) (2,22) (3,3) (4,13) (5,16) (5,20) (5,21) (6,1) (7,14) (8,24) (10,17) (11,4) (12,10) (14,8) (15,5) (16,7) (16,19) (21,9) (21,18) (21,23) (22,6) (23,12) (23,15) (24,11) 
# pairs of queens attacking each other: 13


Solution: (0,0) (1,2) (2,22) (3,3) (4,13) (5,16) (5,20) (5,21) (6,1) (7,14) (8,24) (10,17) (11,4) (12,10) (14,8) (15,5) (16,7) (16,19) (21,9) (21,18) (21,23) (22,6) (23,12) (23,15) (24,11) 
# pairs of queens attacking each other: 13


Solution: (0,0) (1,2) (2,22) (3,3) (4,13) (5,16) (5,20) (5,21) (6,1) (7,14) (8,24) (10,17) (11,4) (12,10) (14,8) (15,5) (16,7) (16,19) (21,9) (21,18) (21,23) (22,6) (23,12) (23,15) (24,11) 
# pairs of queens attacking each other: 13


Solution: (0,0) (0,12) (1,2) (2,22) (3,3) (4,13) (5,16) (5,20) (5,21) (6,1) (7,14) (8,24) (10,17) (11,4) (12,10) (14,8) (15,5) (16,7) (16,19) (21,9) (21,18) (21,23) (22,6) (23,15) (24,11) 
# pairs of queens attacking each other: 12

Solution: (0,0) (0,12) (1,2) (2,22) (3,3) (4,13) (5,16) (5,20) (5,21) (6,1) (7,14) (8,24) (10,17) (11,4) (12,10) (14,8) (15,5) (16,7) (16,19) (21,9) (21,18) (21,23) (22,6) (23,15) (24,11) 
# pairs of queens attacking each other: 12


Solution: (0,0) (0,12) (0,14) (1,2) (2,22) (3,3) (4,13) (5,16) (5,20) (5,21) (6,1) (8,24) (10,17) (11,4) (12,10) (14,8) (15,5) (16,7) (16,19) (21,9) (21,18) (21,23) (22,6) (23,15) (24,11) 
# pairs of queens attacking each other: 11

Solution: (0,0) (0,12) (0,14) (1,2) (2,22) (3,3) (4,13) (5,16) (5,20) (5,21) (6,1) (8,24) (10,17) (11,4) (12,10) (14,8) (15,5) (16,7) (16,19) (21,9) (21,18) (21,23) (22,6) (23,15) (24,11) 
# pairs of queens attacking each other: 11


Solution: (0,0) (0,12) (0,14) (1,2) (2,22) (3,3) (4,13) (5,20) (5,21) (6,1) (8,24) (10,17) (11,4) (12,10) (14,8) (15,5) (16,7) (16,19) (17,16) (21,9) (21,18) (21,23) (22,6) (23,15) (24,11) 
# pairs of queens attacking each other: 10

Solution: (0,0) (0,12) (0,14) (1,2) (2,22) (3,3) (4,13) (5,20) (5,21) (6,1) (8,24) (10,17) (11,4) (12,10) (14,8) (15,5) (16,7) (16,19) (17,16) (21,9) (21,18) (21,23) (22,6) (23,15) (24,11) 
# pairs of queens attacking each other: 10


Solution: (0,0) (0,12) (0,14) (1,2) (2,22) (3,3) (4,13) (5,20) (5,21) (6,1) (8,24) (10,17) (11,4) (12,10) (13,18) (14,8) (15,5) (16,7) (16,19) (17,16) (21,9) (21,23) (22,6) (23,15) (24,11) 
# pairs of queens attacking each other: 9

Solution: (0,0) (0,12) (0,14) (0,19) (1,2) (2,22) (3,3) (4,13) (5,20) (5,21) (6,1) (8,24) (10,17) (11,4) (12,10) (13,18) (14,8) (15,5) (16,7) (17,16) (21,9) (21,23) (22,6) (23,15) (24,11) 
# pairs of queens attacking each other: 8

Solution: (0,0) (0,12) (0,14) (0,19) (1,2) (2,22) (3,3) (4,13) (5,21) (6,1) (8,24) (9,20) (10,17) (11,4) (12,10) (13,18) (14,8) (15,5) (16,7) (17,16) (21,9) (21,23) (22,6) (23,15) (24,11) 
# pairs of queens attacking each other: 7

Solution: (0,0) (0,12) (0,14) (0,19) (1,2) (2,22) (3,3) (4,13) (6,1) (8,24) (9,20) (10,17) (11,4) (12,10) (13,18) (14,8) (15,5) (16,7) (17,16) (18,21) (21,9) (21,23) (22,6) (23,15) (24,11) 
# pairs of queens attacking each other: 6

Solution: (0,0) (0,12) (0,14) (0,19) (1,2) (2,22) (3,3) (4,13) (6,1) (8,24) (9,20) (10,17) (11,4) (12,10) (13,18) (14,8) (15,5) (16,7) (17,16) (18,21) (21,9) (21,23) (22,6) (23,15) (24,11) 
# pairs of queens attacking each other: 6


Solution: (0,0) (0,12) (0,14) (0,19) (1,2) (2,22) (3,3) (4,13) (6,1) (8,24) (9,20) (10,17) (11,4) (12,10) (13,18) (14,8) (15,5) (16,7) (17,16) (18,21) (19,23) (21,9) (22,6) (23,15) (24,11) 
# pairs of queens attacking each other: 5

Solution: (0,0) (0,12) (0,14) (0,19) (1,2) (2,22) (3,3) (4,13) (6,1) (8,24) (9,20) (10,17) (11,4) (12,10) (13,18) (14,8) (15,5) (16,7) (17,16) (18,21) (19,23) (21,9) (22,6) (23,15) (24,11) 
# pairs of queens attacking each other: 5

Done in 1 restarts.
Run Time: 1.597 seconds
Queens: 25
Solution: (0,0) (1,9) (2,19) (3,6) (6,16) (7,3) (7,12) (7,13) (7,14) (7,22) (8,4) (8,23) (9,7) (10,20) (10,24) (11,1) (12,15) (13,11) (15,10) (17,8) (17,21) (20,5) (20,17) (21,18) (24,2) 
# pairs of queens attacking each other: 19

Solution: (0,0) (1,9) (2,19) (3,6) (6,16) (7,3) (7,12) (7,13) (7,14) (7,22) (8,4) (8,23) (9,7) (10,20) (10,24) (12,15) (13,11) (14,1) (15,10) (17,8) (17,21) (20,5) (20,17) (21,18) (24,2) 
# pairs of queens attacking each other: 18

Solution: (0,0) (1,9) (2,19) (3,6) (6,16) (7,3) (7,12) (7,13) (7,14) (7,22) (8,4) (8,23) (9,7) (10,20) (10,24) (12,15) (13,11) (14,1) (15,10) (17,8) (17,21) (20,5) (20,17) (21,18) (24,2) 
# pairs of queens attacking each other: 18


Solution: (0,0) (1,9) (2,19) (3,6) (4,3) (6,16) (7,12) (7,13) (7,14) (7,22) (8,4) (8,23) (9,7) (10,20) (10,24) (12,15) (13,11) (14,1) (15,10) (17,8) (17,21) (20,5) (20,17) (21,18) (24,2) 
# pairs of queens attacking each other: 15

Solution: (0,0) (1,9) (2,19) (3,6) (4,3) (6,16) (7,12) (7,13) (7,14) (7,22) (8,4) (8,23) (9,7) (10,20) (10,24) (12,15) (13,11) (14,1) (15,10) (17,8) (17,21) (20,5) (20,17) (21,18) (24,2) 
# pairs of queens attacking each other: 15


Solution: (0,0) (1,9) (2,19) (3,6) (4,3) (6,16) (7,12) (7,13) (7,14) (7,22) (8,4) (8,23) (9,7) (10,20) (10,24) (12,15) (13,11) (14,1) (15,10) (17,8) (17,21) (20,17) (21,18) (23,5) (24,2) 
# pairs of queens attacking each other: 13

Solution: (0,0) (1,9) (2,19) (4,3) (5,6) (6,16) (7,12) (7,13) (7,14) (7,22) (8,4) (8,23) (9,7) (10,20) (10,24) (12,15) (13,11) (14,1) (15,10) (17,8) (17,21) (20,17) (21,18) (23,5) (24,2) 
# pairs of queens attacking each other: 12

Solution: (0,0) (1,9) (2,19) (4,3) (5,6) (6,16) (7,12) (7,13) (7,14) (7,22) (8,4) (8,23) (9,7) (10,20) (10,24) (12,15) (13,11) (14,1) (15,10) (17,8) (17,21) (20,17) (21,18) (23,5) (24,2) 
# pairs of queens attacking each other: 12


Solution: (0,0) (1,9) (2,19) (4,3) (5,6) (6,8) (6,16) (7,12) (7,13) (7,14) (7,22) (8,4) (8,23) (9,7) (10,20) (10,24) (12,15) (13,11) (14,1) (15,10) (17,21) (20,17) (21,18) (23,5) (24,2) 
# pairs of queens attacking each other: 11

Solution: (0,0) (1,9) (2,19) (4,3) (5,6) (6,8) (6,16) (7,12) (7,13) (7,14) (7,22) (8,4) (8,23) (9,7) (10,20) (10,24) (12,15) (13,11) (14,1) (15,10) (17,21) (20,17) (21,18) (23,5) (24,2) 
# pairs of queens attacking each other: 11


Solution: (0,0) (1,9) (2,19) (4,3) (5,6) (6,8) (6,16) (7,12) (7,13) (7,14) (7,22) (8,4) (8,23) (9,7) (10,20) (10,24) (12,15) (13,11) (14,1) (15,10) (17,21) (20,17) (21,18) (23,5) (24,2) 
# pairs of queens attacking each other: 11


Solution: (0,0) (1,9) (2,19) (4,3) (5,6) (6,8) (6,16) (7,12) (7,13) (7,14) (7,22) (8,4) (8,23) (9,7) (10,20) (10,24) (12,15) (14,1) (15,10) (17,21) (20,17) (21,18) (22,11) (23,5) (24,2) 
# pairs of queens attacking each other: 10

Solution: (0,0) (1,9) (2,19) (4,3) (5,6) (6,8) (6,16) (7,12) (7,13) (7,14) (7,22) (8,4) (8,23) (9,7) (10,20) (10,24) (12,15) (14,1) (15,10) (17,21) (20,17) (21,18) (22,11) (23,5) (24,2) 
# pairs of queens attacking each other: 10


Solution: (0,0) (1,9) (2,19) (4,3) (5,6) (6,8) (6,16) (7,12) (7,14) (7,22) (8,4) (8,23) (9,7) (10,20) (10,24) (12,15) (14,1) (15,10) (17,21) (19,13) (20,17) (21,18) (22,11) (23,5) (24,2) 
# pairs of queens attacking each other: 9

Solution: (0,0) (1,9) (2,19) (3,14) (4,3) (5,6) (6,8) (6,16) (7,12) (7,22) (8,4) (8,23) (9,7) (10,20) (10,24) (12,15) (14,1) (15,10) (17,21) (19,13) (20,17) (21,18) (22,11) (23,5) (24,2) 
# pairs of queens attacking each other: 7

Solution: (0,0) (1,9) (2,19) (3,14) (4,3) (5,6) (6,8) (6,16) (7,12) (7,22) (8,4) (8,23) (9,7) (10,20) (10,24) (12,15) (14,1) (15,10) (17,21) (19,13) (20,17) (21,18) (22,11) (23,5) (24,2) 
# pairs of queens attacking each other: 7


Solution: (0,0) (1,9) (2,19) (3,14) (4,3) (4,16) (5,6) (6,8) (7,12) (7,22) (8,4) (8,23) (9,7) (10,20) (10,24) (12,15) (14,1) (15,10) (17,21) (19,13) (20,17) (21,18) (22,11) (23,5) (24,2) 
# pairs of queens attacking each other: 6

Solution: (0,0) (1,9) (2,19) (3,14) (4,3) (4,16) (5,6) (6,8) (7,12) (7,22) (8,4) (8,23) (9,7) (10,20) (10,24) (12,15) (14,1) (15,10) (17,21) (19,13) (20,17) (21,18) (22,11) (23,5) (24,2) 
# pairs of queens attacking each other: 6


Solution: (0,0) (1,9) (2,19) (3,14) (4,3) (4,16) (5,6) (6,8) (7,12) (7,22) (8,4) (8,23) (9,7) (10,20) (10,24) (12,15) (14,1) (15,10) (17,21) (19,13) (20,17) (21,18) (22,11) (23,5) (24,2) 
# pairs of queens attacking each other: 6


Solution: (0,0) (1,9) (2,19) (3,14) (4,3) (4,16) (5,6) (6,8) (7,12) (7,22) (8,4) (8,23) (9,7) (10,20) (10,24) (12,15) (14,1) (15,10) (17,21) (19,13) (20,17) (21,18) (22,11) (23,5) (24,2) 
# pairs of queens attacking each other: 6


Solution: (0,0) (1,9) (2,19) (3,14) (4,3) (4,16) (5,6) (6,8) (7,12) (7,22) (8,4) (8,23) (9,7) (10,20) (10,24) (12,15) (14,1) (15,10) (17,21) (19,13) (20,17) (21,18) (22,11) (23,5) (24,2) 
# pairs of queens attacking each other: 6


Solution: (0,0) (1,9) (2,19) (3,14) (4,3) (4,16) (5,6) (6,8) (7,12) (7,22) (8,4) (8,23) (9,7) (10,20) (10,24) (12,15) (14,1) (15,10) (17,21) (19,13) (20,17) (21,18) (22,11) (23,5) (24,2) 
# pairs of queens attacking each other: 6


Solution: (0,0) (1,9) (2,19) (3,14) (4,3) (4,16) (5,6) (6,8) (7,12) (8,4) (8,23) (9,7) (10,20) (10,24) (12,15) (13,22) (14,1) (15,10) (17,21) (19,13) (20,17) (21,18) (22,11) (23,5) (24,2) 
# pairs of queens attacking each other: 4

Solution: (0,0) (1,9) (2,19) (3,14) (4,3) (4,16) (5,6) (6,8) (7,12) (8,4) (8,23) (9,7) (10,20) (10,24) (12,15) (13,22) (14,1) (15,10) (17,21) (19,13) (20,17) (21,18) (22,11) (23,5) (24,2) 
# pairs of queens attacking each other: 4


Solution: (0,0) (1,9) (2,19) (3,14) (4,3) (4,16) (5,6) (6,8) (7,12) (8,4) (8,23) (9,7) (10,20) (12,15) (13,22) (14,1) (15,10) (17,21) (18,24) (19,13) (20,17) (21,18) (22,11) (23,5) (24,2) 
# pairs of queens attacking each other: 3
Done in 2 restarts.
Run Time: 2.365 seconds
Queens: 25
Solution: (3,4) (3,7) (3,9) (4,5) (4,21) (5,3) (5,8) (6,2) (7,10) (10,17) (11,13) (15,0) (17,12) (17,15) (17,16) (17,20) (18,1) (18,11) (18,18) (18,23) (19,22) (19,24) (20,6) (22,14) (23,19) 
# pairs of queens attacking each other: 22

Solution: (3,4) (3,7) (3,9) (4,5) (4,21) (5,3) (5,8) (6,2) (7,10) (10,17) (11,13) (13,1) (15,0) (17,12) (17,15) (17,16) (17,20) (18,11) (18,18) (18,23) (19,22) (19,24) (20,6) (22,14) (23,19) 
# pairs of queens attacking each other: 21

Solution: (3,4) (3,7) (3,9) (4,5) (4,21) (5,3) (5,8) (7,10) (10,17) (11,13) (13,1) (15,0) (17,12) (17,15) (17,16) (17,20) (18,11) (18,18) (18,23) (19,22) (19,24) (20,6) (21,2) (22,14) (23,19) 
# pairs of queens attacking each other: 19

Solution: (3,4) (3,7) (3,9) (4,5) (4,21) (5,8) (7,10) (10,17) (11,13) (13,1) (15,0) (16,3) (17,12) (17,15) (17,16) (17,20) (18,11) (18,18) (18,23) (19,22) (19,24) (20,6) (21,2) (22,14) (23,19) 
# pairs of queens attacking each other: 17

Solution: (3,7) (3,9) (4,5) (4,21) (5,8) (7,10) (10,17) (11,13) (13,1) (14,4) (15,0) (16,3) (17,12) (17,15) (17,16) (17,20) (18,11) (18,18) (18,23) (19,22) (19,24) (20,6) (21,2) (22,14) (23,19) 
# pairs of queens attacking each other: 15

Solution: (3,7) (3,9) (4,5) (4,21) (5,8) (7,10) (10,17) (11,13) (13,1) (14,4) (15,0) (16,3) (17,12) (17,15) (17,16) (17,20) (18,11) (18,18) (18,23) (19,22) (19,24) (20,6) (21,2) (22,14) (23,19) 
# pairs of queens attacking each other: 15


Solution: (3,7) (3,9) (4,5) (4,21) (5,8) (7,10) (10,17) (11,13) (13,1) (14,4) (15,0) (16,3) (17,12) (17,15) (17,16) (17,20) (18,11) (18,18) (18,23) (19,22) (19,24) (20,6) (21,2) (22,14) (23,19) 
# pairs of queens attacking each other: 15


Solution: (3,9) (4,5) (4,21) (5,8) (7,10) (10,17) (11,13) (13,1) (14,4) (15,0) (16,3) (17,12) (17,15) (17,16) (17,20) (18,11) (18,18) (18,23) (19,22) (19,24) (20,6) (21,2) (22,14) (23,19) (24,7) 
# pairs of queens attacking each other: 14

Solution: (0,8) (3,9) (4,5) (4,21) (7,10) (10,17) (11,13) (13,1) (14,4) (15,0) (16,3) (17,12) (17,15) (17,16) (17,20) (18,11) (18,18) (18,23) (19,22) (19,24) (20,6) (21,2) (22,14) (23,19) (24,7) 
# pairs of queens attacking each other: 13

Solution: (0,8) (3,9) (4,5) (4,21) (7,10) (10,17) (11,13) (13,1) (14,4) (15,0) (16,3) (17,12) (17,15) (17,16) (17,20) (18,11) (18,18) (18,23) (19,22) (19,24) (20,6) (21,2) (22,14) (23,19) (24,7) 
# pairs of queens attacking each other: 13


Solution: (0,8) (1,10) (3,9) (4,5) (4,21) (10,17) (11,13) (13,1) (14,4) (15,0) (16,3) (17,12) (17,15) (17,16) (17,20) (18,11) (18,18) (18,23) (19,22) (19,24) (20,6) (21,2) (22,14) (23,19) (24,7) 
# pairs of queens attacking each other: 12

Solution: (0,8) (1,10) (2,11) (3,9) (4,5) (4,21) (10,17) (11,13) (13,1) (14,4) (15,0) (16,3) (17,12) (17,15) (17,16) (17,20) (18,18) (18,23) (19,22) (19,24) (20,6) (21,2) (22,14) (23,19) (24,7) 
# pairs of queens attacking each other: 11

Solution: (0,8) (1,10) (2,11) (3,9) (4,5) (4,21) (8,12) (10,17) (11,13) (13,1) (14,4) (15,0) (16,3) (17,15) (17,16) (17,20) (18,18) (18,23) (19,22) (19,24) (20,6) (21,2) (22,14) (23,19) (24,7) 
# pairs of queens attacking each other: 10

Solution: (0,8) (1,10) (2,11) (3,9) (4,5) (4,21) (8,12) (10,17) (11,13) (13,1) (14,4) (15,0) (16,3) (17,15) (17,16) (17,20) (18,18) (18,23) (19,22) (19,24) (20,6) (21,2) (22,14) (23,19) (24,7) 
# pairs of queens attacking each other: 10


Solution: (0,8) (1,10) (2,11) (3,9) (4,5) (4,21) (8,12) (10,17) (11,13) (13,1) (14,4) (15,0) (16,3) (17,15) (17,16) (17,20) (18,18) (18,23) (19,22) (19,24) (20,6) (21,2) (22,14) (23,19) (24,7) 
# pairs of queens attacking each other: 10


Solution: (0,8) (1,10) (2,11) (3,9) (4,5) (4,21) (8,12) (10,17) (11,13) (13,1) (14,4) (15,0) (16,3) (17,15) (17,16) (17,20) (18,18) (18,23) (19,22) (19,24) (20,6) (21,2) (22,14) (23,19) (24,7) 
# pairs of queens attacking each other: 10


Solution: (0,8) (1,10) (2,11) (3,9) (4,5) (4,21) (5,16) (8,12) (10,17) (11,13) (13,1) (14,4) (15,0) (16,3) (17,15) (17,20) (18,18) (18,23) (19,22) (19,24) (20,6) (21,2) (22,14) (23,19) (24,7) 
# pairs of queens attacking each other: 9

Solution: (0,8) (1,10) (2,11) (3,9) (4,5) (4,21) (5,16) (8,12) (10,17) (11,13) (13,1) (14,4) (15,0) (16,3) (17,15) (17,20) (18,18) (18,23) (19,22) (19,24) (20,6) (21,2) (22,14) (23,19) (24,7) 
# pairs of queens attacking each other: 9


Solution: (0,8) (1,10) (2,11) (3,9) (4,5) (4,18) (4,21) (5,16) (8,12) (10,17) (11,13) (13,1) (14,4) (15,0) (16,3) (17,15) (17,20) (18,23) (19,22) (19,24) (20,6) (21,2) (22,14) (23,19) (24,7) 
# pairs of queens attacking each other: 8

Solution: (0,8) (1,10) (2,11) (3,9) (4,5) (4,18) (4,21) (5,16) (8,12) (10,17) (11,13) (13,1) (14,4) (15,0) (16,3) (17,15) (17,20) (18,23) (19,22) (19,24) (20,6) (21,2) (22,14) (23,19) (24,7) 
# pairs of queens attacking each other: 8


Solution: (0,8) (1,10) (2,11) (3,9) (4,5) (4,18) (4,21) (5,16) (7,20) (8,12) (10,17) (11,13) (13,1) (14,4) (15,0) (16,3) (17,15) (18,23) (19,22) (19,24) (20,6) (21,2) (22,14) (23,19) (24,7) 
# pairs of queens attacking each other: 7

Solution: (0,8) (1,10) (2,11) (3,9) (4,5) (4,18) (5,16) (7,20) (8,12) (9,21) (10,17) (11,13) (13,1) (14,4) (15,0) (16,3) (17,15) (18,23) (19,22) (19,24) (20,6) (21,2) (22,14) (23,19) (24,7) 
# pairs of queens attacking each other: 6

Solution: (0,8) (1,10) (2,11) (3,9) (4,5) (4,18) (5,16) (6,22) (7,20) (8,12) (9,21) (10,17) (11,13) (13,1) (14,4) (15,0) (16,3) (17,15) (18,23) (19,24) (20,6) (21,2) (22,14) (23,19) (24,7) 
# pairs of queens attacking each other: 4

Solution: (0,8) (1,10) (2,11) (3,9) (4,5) (4,18) (5,16) (6,22) (7,20) (8,12) (9,21) (10,17) (11,13) (13,1) (14,4) (15,0) (16,3) (17,15) (18,23) (19,24) (20,6) (21,2) (22,14) (23,19) (24,7) 
# pairs of queens attacking each other: 4


Solution: (0,8) (1,10) (2,11) (3,9) (4,5) (4,18) (5,16) (6,22) (7,20) (8,12) (9,21) (10,17) (11,13) (13,1) (14,4) (15,0) (16,3) (17,15) (18,23) (19,24) (20,6) (21,2) (22,14) (23,19) (24,7) 
# pairs of queens attacking each other: 4

Done in 3 restarts.
Run Time: 3.147 seconds
Queens: 25
Solution: (0,9) (0,18) (2,5) (2,10) (2,14) (2,17) (3,2) (3,13) (5,19) (6,0) (7,21) (8,8) (8,20) (8,22) (10,6) (11,11) (11,23) (15,7) (16,16) (20,3) (21,4) (21,24) (22,1) (22,12) (24,15) 
# pairs of queens attacking each other: 25

Solution: (0,9) (0,18) (2,5) (2,10) (2,14) (2,17) (3,2) (3,13) (5,19) (6,0) (7,21) (8,8) (8,20) (8,22) (10,6) (11,11) (11,23) (12,1) (15,7) (16,16) (20,3) (21,4) (21,24) (22,12) (24,15) 
# pairs of queens attacking each other: 23

Solution: (0,9) (0,18) (1,2) (2,5) (2,10) (2,14) (2,17) (3,13) (5,19) (6,0) (7,21) (8,8) (8,20) (8,22) (10,6) (11,11) (11,23) (12,1) (15,7) (16,16) (20,3) (21,4) (21,24) (22,12) (24,15) 
# pairs of queens attacking each other: 22

Solution: (0,9) (0,18) (1,2) (2,5) (2,10) (2,14) (2,17) (3,13) (5,19) (6,0) (7,21) (8,8) (8,20) (8,22) (10,6) (11,11) (11,23) (12,1) (15,7) (16,16) (17,3) (21,4) (21,24) (22,12) (24,15) 
# pairs of queens attacking each other: 21

Solution: (0,9) (0,18) (1,2) (2,5) (2,10) (2,14) (2,17) (3,13) (5,19) (6,0) (7,21) (8,8) (8,20) (8,22) (10,6) (11,11) (11,23) (12,1) (15,7) (16,16) (17,3) (19,4) (21,24) (22,12) (24,15) 
# pairs of queens attacking each other: 20

Solution: (0,5) (0,9) (0,18) (1,2) (2,10) (2,14) (2,17) (3,13) (5,19) (6,0) (7,21) (8,8) (8,20) (8,22) (10,6) (11,11) (11,23) (12,1) (15,7) (16,16) (17,3) (19,4) (21,24) (22,12) (24,15) 
# pairs of queens attacking each other: 19

Solution: (0,5) (0,9) (0,18) (1,2) (2,10) (2,14) (2,17) (3,13) (4,6) (5,19) (6,0) (7,21) (8,8) (8,20) (8,22) (11,11) (11,23) (12,1) (15,7) (16,16) (17,3) (19,4) (21,24) (22,12) (24,15) 
# pairs of queens attacking each other: 18

Solution: (0,5) (0,9) (0,18) (1,2) (2,10) (2,14) (2,17) (3,13) (4,6) (5,19) (6,0) (7,21) (8,8) (8,20) (8,22) (10,7) (11,11) (11,23) (12,1) (16,16) (17,3) (19,4) (21,24) (22,12) (24,15) 
# pairs of queens attacking each other: 17

Solution: (0,5) (0,9) (0,18) (1,2) (2,10) (2,14) (2,17) (3,13) (4,6) (5,19) (6,0) (7,21) (8,20) (8,22) (10,7) (11,11) (11,23) (12,1) (13,8) (16,16) (17,3) (19,4) (21,24) (22,12) (24,15) 
# pairs of queens attacking each other: 14

Solution: (0,5) (0,9) (0,18) (1,2) (2,10) (2,14) (2,17) (3,13) (4,6) (5,19) (6,0) (7,21) (8,20) (8,22) (10,7) (11,11) (11,23) (12,1) (13,8) (16,16) (17,3) (19,4) (21,24) (22,12) (24,15) 
# pairs of queens attacking each other: 14


Solution: (0,5) (0,9) (0,18) (1,2) (2,14) (2,17) (3,13) (4,6) (5,19) (6,0) (7,21) (8,20) (8,22) (10,7) (11,11) (11,23) (12,1) (13,8) (16,16) (17,3) (19,4) (21,24) (22,12) (23,10) (24,15) 
# pairs of queens attacking each other: 13

Solution: (0,5) (0,9) (0,18) (1,2) (2,14) (2,17) (3,13) (4,6) (5,19) (6,0) (7,21) (8,20) (8,22) (10,7) (11,23) (12,1) (13,8) (15,11) (16,16) (17,3) (19,4) (21,24) (22,12) (23,10) (24,15) 
# pairs of queens attacking each other: 11

Solution: (0,5) (0,9) (0,18) (1,2) (2,14) (2,17) (3,13) (4,6) (5,19) (6,0) (7,21) (8,20) (8,22) (10,7) (11,23) (12,1) (13,8) (15,11) (16,16) (17,3) (19,4) (21,24) (22,12) (23,10) (24,15) 
# pairs of queens attacking each other: 11


Solution: (0,5) (0,9) (0,18) (1,2) (2,14) (2,17) (4,6) (5,19) (6,0) (7,21) (8,20) (8,22) (9,13) (10,7) (11,23) (12,1) (13,8) (15,11) (16,16) (17,3) (19,4) (21,24) (22,12) (23,10) (24,15) 
# pairs of queens attacking each other: 10

Solution: (0,5) (0,9) (0,18) (1,2) (1,14) (2,17) (4,6) (5,19) (6,0) (7,21) (8,20) (8,22) (9,13) (10,7) (11,23) (12,1) (13,8) (15,11) (16,16) (17,3) (19,4) (21,24) (22,12) (23,10) (24,15) 
# pairs of queens attacking each other: 9

Solution: (0,5) (0,9) (0,18) (1,2) (1,14) (2,17) (4,6) (5,19) (6,0) (7,21) (8,20) (8,22) (9,13) (10,7) (11,23) (12,1) (13,8) (15,11) (16,16) (17,3) (19,4) (21,24) (22,12) (23,10) (24,15) 
# pairs of queens attacking each other: 9


Solution: (0,5) (0,9) (0,18) (1,2) (1,14) (2,17) (4,6) (5,19) (6,0) (7,21) (8,20) (8,22) (9,13) (10,7) (11,23) (12,1) (13,8) (15,11) (16,16) (17,3) (19,4) (21,24) (22,12) (23,10) (24,15) 
# pairs of queens attacking each other: 9


Solution: (0,5) (0,9) (0,18) (1,2) (1,14) (2,17) (4,6) (5,19) (6,0) (7,21) (8,20) (8,22) (9,13) (10,7) (11,23) (12,1) (13,8) (15,11) (16,16) (17,3) (19,4) (21,24) (22,12) (23,10) (24,15) 
# pairs of queens attacking each other: 9


Solution: (0,5) (0,9) (1,2) (1,14) (2,17) (4,6) (5,19) (6,0) (7,21) (8,20) (8,22) (9,13) (10,7) (11,23) (12,1) (13,8) (15,11) (16,16) (17,3) (19,4) (20,18) (21,24) (22,12) (23,10) (24,15) 
# pairs of queens attacking each other: 8

Solution: (0,5) (0,9) (1,2) (1,14) (2,17) (4,6) (5,19) (6,0) (7,21) (8,20) (8,22) (9,13) (10,7) (11,23) (12,1) (13,8) (15,11) (16,16) (17,3) (19,4) (20,18) (21,24) (22,12) (23,10) (24,15) 
# pairs of queens attacking each other: 8


Solution: (0,5) (0,9) (1,2) (1,14) (2,17) (3,20) (4,6) (5,19) (6,0) (7,21) (8,22) (9,13) (10,7) (11,23) (12,1) (13,8) (15,11) (16,16) (17,3) (19,4) (20,18) (21,24) (22,12) (23,10) (24,15) 
# pairs of queens attacking each other: 6

Solution: (0,5) (0,9) (1,2) (1,14) (2,17) (3,20) (4,6) (5,19) (6,0) (8,22) (9,13) (10,7) (11,23) (12,1) (13,8) (14,21) (15,11) (16,16) (17,3) (19,4) (20,18) (21,24) (22,12) (23,10) (24,15) 
# pairs of queens attacking each other: 5

Solution: (0,5) (0,9) (1,2) (1,14) (2,17) (3,20) (4,6) (5,19) (6,0) (8,22) (9,13) (10,7) (11,23) (12,1) (13,8) (14,21) (15,11) (16,16) (17,3) (19,4) (20,18) (21,24) (22,12) (23,10) (24,15) 
# pairs of queens attacking each other: 5


Solution: (0,5) (0,9) (1,2) (1,14) (2,17) (3,20) (4,6) (5,19) (6,0) (8,22) (9,13) (10,7) (11,23) (12,1) (13,8) (14,21) (15,11) (16,16) (17,3) (19,4) (20,18) (21,24) (22,12) (23,10) (24,15) 
# pairs of queens attacking each other: 5


Solution: (0,5) (0,9) (1,2) (1,14) (2,17) (3,20) (4,6) (5,19) (6,0) (8,22) (9,13) (10,7) (11,23) (12,1) (13,8) (14,21) (15,11) (16,16) (17,3) (19,4) (20,18) (21,24) (22,12) (23,10) (24,15) 
# pairs of queens attacking each other: 5

Done in 4 restarts.
Run Time: 3.913 seconds
Queens: 25
Solution: (0,0) (1,4) (2,8) (4,14) (6,7) (6,13) (7,9) (9,10) (9,11) (9,12) (10,1) (10,6) (10,19) (11,5) (11,18) (11,20) (13,2) (13,16) (13,17) (13,21) (17,15) (19,3) (20,22) (23,24) (24,23) 
# pairs of queens attacking each other: 24

Solution: (0,0) (1,4) (2,8) (4,14) (6,7) (6,13) (7,9) (8,1) (9,10) (9,11) (9,12) (10,6) (10,19) (11,5) (11,18) (11,20) (13,2) (13,16) (13,17) (13,21) (17,15) (19,3) (20,22) (23,24) (24,23) 
# pairs of queens attacking each other: 23

Solution: (0,0) (1,4) (2,8) (4,14) (5,2) (6,7) (6,13) (7,9) (8,1) (9,10) (9,11) (9,12) (10,6) (10,19) (11,5) (11,18) (11,20) (13,16) (13,17) (13,21) (17,15) (19,3) (20,22) (23,24) (24,23) 
# pairs of queens attacking each other: 22

Solution: (0,0) (1,4) (2,8) (4,14) (5,2) (6,7) (6,13) (7,9) (8,1) (9,10) (9,11) (9,12) (10,6) (10,19) (11,5) (11,18) (11,20) (13,16) (13,17) (13,21) (17,15) (19,3) (20,22) (23,24) (24,23) 
# pairs of queens attacking each other: 22


Solution: (0,0) (2,8) (4,14) (5,2) (6,7) (6,13) (7,9) (8,1) (9,10) (9,11) (9,12) (10,6) (10,19) (11,5) (11,18) (11,20) (13,16) (13,17) (13,21) (17,15) (19,3) (20,22) (21,4) (23,24) (24,23) 
# pairs of queens attacking each other: 21

Solution: (0,0) (2,8) (4,14) (5,2) (6,7) (6,13) (7,9) (8,1) (9,10) (9,11) (9,12) (10,6) (10,19) (11,18) (11,20) (13,16) (13,17) (13,21) (17,15) (18,5) (19,3) (20,22) (21,4) (23,24) (24,23) 
# pairs of queens attacking each other: 19

Solution: (0,0) (1,6) (2,8) (4,14) (5,2) (6,7) (6,13) (7,9) (8,1) (9,10) (9,11) (9,12) (10,19) (11,18) (11,20) (13,16) (13,17) (13,21) (17,15) (18,5) (19,3) (20,22) (21,4) (23,24) (24,23) 
# pairs of queens attacking each other: 18

Solution: (0,0) (1,6) (2,8) (4,14) (5,2) (6,13) (7,9) (8,1) (9,10) (9,11) (9,12) (10,19) (11,18) (11,20) (12,7) (13,16) (13,17) (13,21) (17,15) (18,5) (19,3) (20,22) (21,4) (23,24) (24,23) 
# pairs of queens attacking each other: 17

Solution: (0,0) (1,6) (2,8) (4,14) (5,2) (6,13) (7,9) (8,1) (9,10) (9,11) (9,12) (10,19) (11,18) (11,20) (12,7) (13,16) (13,17) (13,21) (17,15) (18,5) (19,3) (20,22) (21,4) (23,24) (24,23) 
# pairs of queens attacking each other: 17


Solution: (0,0) (1,6) (2,8) (4,14) (5,2) (6,13) (8,1) (9,10) (9,11) (9,12) (10,19) (11,18) (11,20) (12,7) (13,16) (13,17) (13,21) (15,9) (17,15) (18,5) (19,3) (20,22) (21,4) (23,24) (24,23) 
# pairs of queens attacking each other: 16

Solution: (0,0) (1,6) (2,8) (3,10) (4,14) (5,2) (6,13) (8,1) (9,11) (9,12) (10,19) (11,18) (11,20) (12,7) (13,16) (13,17) (13,21) (15,9) (17,15) (18,5) (19,3) (20,22) (21,4) (23,24) (24,23) 
# pairs of queens attacking each other: 14

Solution: (0,0) (1,6) (2,8) (3,10) (4,14) (5,2) (6,13) (8,1) (9,12) (10,19) (11,18) (11,20) (12,7) (13,16) (13,17) (13,21) (15,9) (17,15) (18,5) (19,3) (20,22) (21,4) (22,11) (23,24) (24,23) 
# pairs of queens attacking each other: 12

Solution: (0,0) (1,6) (2,8) (3,10) (4,14) (5,2) (6,13) (8,1) (10,19) (11,18) (11,20) (12,7) (13,16) (13,17) (13,21) (15,9) (16,12) (17,15) (18,5) (19,3) (20,22) (21,4) (22,11) (23,24) (24,23) 
# pairs of queens attacking each other: 11

Solution: (0,0) (1,6) (1,13) (2,8) (3,10) (4,14) (5,2) (8,1) (10,19) (11,18) (11,20) (12,7) (13,16) (13,17) (13,21) (15,9) (16,12) (17,15) (18,5) (19,3) (20,22) (21,4) (22,11) (23,24) (24,23) 
# pairs of queens attacking each other: 10

Solution: (0,0) (1,6) (1,13) (2,8) (3,10) (4,14) (5,2) (8,1) (10,19) (11,18) (11,20) (12,7) (13,16) (13,17) (13,21) (15,9) (16,12) (17,15) (18,5) (19,3) (20,22) (21,4) (22,11) (23,24) (24,23) 
# pairs of queens attacking each other: 10


Solution: (0,0) (1,6) (1,13) (2,8) (3,10) (4,14) (5,2) (8,1) (10,19) (11,18) (11,20) (12,7) (13,16) (13,17) (13,21) (15,9) (16,12) (17,15) (18,5) (19,3) (20,22) (21,4) (22,11) (23,24) (24,23) 
# pairs of queens attacking each other: 10


Solution: (0,0) (0,16) (1,6) (1,13) (2,8) (3,10) (4,14) (5,2) (8,1) (10,19) (11,18) (11,20) (12,7) (13,17) (13,21) (15,9) (16,12) (17,15) (18,5) (19,3) (20,22) (21,4) (22,11) (23,24) (24,23) 
# pairs of queens attacking each other: 9

Solution: (0,0) (0,16) (1,6) (1,13) (2,8) (3,10) (4,14) (5,2) (8,1) (10,19) (11,18) (11,20) (12,7) (13,17) (13,21) (15,9) (16,12) (17,15) (18,5) (19,3) (20,22) (21,4) (22,11) (23,24) (24,23) 
# pairs of queens attacking each other: 9


Solution: (0,0) (0,16) (1,6) (1,13) (2,8) (3,10) (3,18) (4,14) (5,2) (8,1) (10,19) (11,20) (12,7) (13,17) (13,21) (15,9) (16,12) (17,15) (18,5) (19,3) (20,22) (21,4) (22,11) (23,24) (24,23) 
# pairs of queens attacking each other: 7

Solution: (0,0) (0,16) (1,6) (1,13) (2,8) (3,10) (3,18) (4,14) (5,2) (8,1) (10,19) (11,20) (12,7) (13,17) (13,21) (15,9) (16,12) (17,15) (18,5) (19,3) (20,22) (21,4) (22,11) (23,24) (24,23) 
# pairs of queens attacking each other: 7


Solution: (0,0) (0,16) (1,6) (1,13) (2,8) (3,10) (3,18) (4,14) (5,2) (6,20) (8,1) (10,19) (12,7) (13,17) (13,21) (15,9) (16,12) (17,15) (18,5) (19,3) (20,22) (21,4) (22,11) (23,24) (24,23) 
# pairs of queens attacking each other: 6

Solution: (0,0) (0,16) (1,6) (1,13) (2,8) (3,10) (3,18) (4,14) (5,2) (6,20) (8,1) (10,19) (12,7) (13,17) (13,21) (15,9) (16,12) (17,15) (18,5) (19,3) (20,22) (21,4) (22,11) (23,24) (24,23) 
# pairs of queens attacking each other: 6


Solution: (0,0) (0,16) (1,6) (1,13) (2,8) (3,10) (3,18) (4,14) (5,2) (6,20) (8,1) (10,19) (12,7) (13,17) (13,21) (15,9) (16,12) (17,15) (18,5) (19,3) (20,22) (21,4) (22,11) (23,24) (24,23) 
# pairs of queens attacking each other: 6


Solution: (0,0) (0,16) (1,6) (1,13) (2,8) (3,10) (3,18) (4,14) (5,2) (6,20) (8,1) (10,19) (12,7) (13,17) (13,21) (15,9) (16,12) (17,15) (18,5) (19,3) (20,22) (21,4) (22,11) (23,24) (24,23) 
# pairs of queens attacking each other: 6


Solution: (0,0) (0,16) (1,6) (1,13) (2,8) (3,10) (3,18) (4,14) (5,2) (6,20) (7,24) (8,1) (10,19) (12,7) (13,17) (13,21) (15,9) (16,12) (17,15) (18,5) (19,3) (20,22) (21,4) (22,11) (24,23) 
# pairs of queens attacking each other: 5
Done in 5 restarts.
Run Time: 4.695 seconds
Queens: 25