
Solution: (2,22) (3,1) (3,15) (4,12) (4,19) (4,24) (5,8) (6,0) (7,5) (11,16) (12,23) (13,4) (13,13) (15,14) (16,11) (17,21) (18,9) (19,2) (20,7) (20,10) (20,17) (20,18) (20,20) (22,6) (24,3) 
# pairs of queens attacking each other: 19


Solution: (0,1) (2,22) (3,15) (4,12) (4,19) (4,24) (5,8) (6,0) (7,5) (11,16) (12,23) (13,4) (13,13) (15,14) (16,11) (17,21) (18,9) (19,2) (20,7) (20,10) (20,17) (20,18) (20,20) (22,6) (24,3) 
# pairs of queens attacking each other: 17

Solution: (0,1) (2,22) (3,15) (4,12) (4,19) (4,24) (5,8) (6,0) (7,5) (11,16) (12,23) (13,4) (13,13) (15,14) (16,11) (17,21) (18,9) (19,2) (20,7) (20,10) (20,17) (20,18) (20,20) (22,6) (24,3) 
# pairs of queens attacking each other: 17


Solution: (0,1) (1,3) (2,22) (3,15) (4,12) (4,19) (4,24) (5,8) (6,0) (7,5) (11,16) (12,23) (13,4) (13,13) (15,14) (16,11) (17,21) (18,9) (19,2) (20,7) (20,10) (20,17) (20,18) (20,20) (22,6) 
# pairs of queens attacking each other: 16

Solution: (0,1) (1,3) (2,22) (3,15) (4,12) (4,19) (4,24) (5,8) (6,0) (7,5) (8,4) (11,16) (12,23) (13,13) (15,14) (16,11) (17,21) (18,9) (19,2) (20,7) (20,10) (20,17) (20,18) (20,20) (22,6) 
# pairs of queens attacking each other: 15

Solution: (0,1) (1,3) (2,22) (3,15) (4,12) (4,19) (4,24) (5,8) (6,0) (8,4) (9,5) (11,16) (12,23) (13,13) (15,14) (16,11) (17,21) (18,9) (19,2) (20,7) (20,10) (20,17) (20,18) (20,20) (22,6) 
# pairs of queens attacking each other: 14

Solution: (0,1) (1,3) (2,22) (3,15) (4,12) (4,19) (4,24) (5,8) (6,0) (8,4) (9,5) (11,16) (12,23) (13,13) (14,6) (15,14) (16,11) (17,21) (18,9) (19,2) (20,7) (20,10) (20,17) (20,18) (20,20) 
# pairs of queens attacking each other: 13

Solution: (0,1) (0,7) (1,3) (2,22) (3,15) (4,12) (4,19) (4,24) (5,8) (6,0) (8,4) (9,5) (11,16) (12,23) (13,13) (14,6) (15,14) (16,11) (17,21) (18,9) (19,2) (20,10) (20,17) (20,18) (20,20) 
# pairs of queens attacking each other: 12

Solution: (0,1) (0,7) (1,3) (2,22) (3,15) (4,12) (4,19) (4,24) (5,8) (6,0) (8,4) (9,5) (11,16) (12,23) (13,13) (14,6) (15,14) (16,11) (17,21) (18,9) (19,2) (20,10) (20,17) (20,18) (20,20) 
# pairs of queens attacking each other: 12


Solution: (0,1) (0,7) (1,3) (2,22) (3,15) (4,12) (4,19) (4,24) (5,8) (6,0) (8,4) (9,5) (11,16) (12,23) (13,13) (14,6) (15,14) (16,11) (17,21) (19,2) (20,10) (20,17) (20,18) (20,20) (22,9) 
# pairs of queens attacking each other: 11

Solution: (0,1) (0,7) (1,3) (2,22) (3,15) (4,12) (4,19) (4,24) (5,8) (6,0) (8,4) (9,5) (11,16) (12,23) (13,13) (14,6) (15,14) (16,11) (17,21) (19,2) (20,17) (20,18) (20,20) (22,9) (24,10) 
# pairs of queens attacking each other: 10

Solution: (0,1) (0,7) (1,3) (2,22) (3,15) (4,12) (4,19) (4,24) (5,8) (6,0) (8,4) (9,5) (11,16) (12,23) (13,13) (14,6) (15,14) (17,21) (19,2) (20,17) (20,18) (20,20) (21,11) (22,9) (24,10) 
# pairs of queens attacking each other: 9

Solution: (0,1) (0,7) (1,3) (2,22) (3,15) (4,12) (4,19) (4,24) (5,8) (6,0) (8,4) (9,5) (11,16) (12,23) (13,13) (14,6) (15,14) (17,21) (19,2) (20,17) (20,18) (20,20) (21,11) (22,9) (24,10) 
# pairs of queens attacking each other: 9


Solution: (0,1) (0,7) (1,3) (2,22) (3,15) (4,12) (4,19) (4,24) (5,8) (6,0) (8,4) (9,5) (11,16) (12,23) (13,13) (14,6) (15,14) (17,21) (19,2) (20,17) (20,18) (20,20) (21,11) (22,9) (24,10) 
# pairs of queens attacking each other: 9


Solution: (0,1) (0,7) (1,3) (2,22) (3,15) (4,12) (4,19) (4,24) (5,8) (6,0) (8,4) (9,5) (11,16) (12,23) (13,13) (14,6) (15,14) (17,21) (19,2) (20,17) (20,18) (20,20) (21,11) (22,9) (24,10) 
# pairs of queens attacking each other: 9


Solution: (0,1) (0,7) (1,3) (2,22) (3,15) (4,12) (4,19) (4,24) (5,8) (6,0) (8,4) (9,5) (11,16) (12,23) (13,13) (14,6) (15,14) (17,21) (19,2) (20,17) (20,18) (20,20) (21,11) (22,9) (24,10) 
# pairs of queens attacking each other: 9


Solution: (0,1) (0,7) (1,3) (2,22) (3,15) (4,12) (4,19) (4,24) (5,8) (6,0) (8,4) (9,5) (11,16) (12,23) (13,13) (14,6) (15,14) (17,21) (19,2) (20,17) (20,18) (20,20) (21,11) (22,9) (24,10) 
# pairs of queens attacking each other: 9


Solution: (0,1) (0,7) (1,3) (2,22) (3,15) (4,12) (4,19) (4,24) (5,8) (6,0) (8,4) (9,5) (11,16) (12,23) (13,13) (14,6) (15,14) (17,21) (19,2) (20,17) (20,18) (20,20) (21,11) (22,9) (24,10) 
# pairs of queens attacking each other: 9


Solution: (0,1) (0,7) (1,3) (2,22) (3,15) (4,12) (4,19) (4,24) (5,8) (6,0) (8,4) (9,5) (11,16) (12,23) (13,13) (14,6) (15,14) (17,21) (19,2) (20,17) (20,20) (21,11) (22,9) (23,18) (24,10) 
# pairs of queens attacking each other: 7

Solution: (0,1) (0,7) (1,3) (2,22) (3,15) (4,12) (4,19) (4,24) (5,8) (6,0) (8,4) (9,5) (11,16) (12,23) (13,13) (14,6) (15,14) (17,21) (19,2) (20,17) (20,20) (21,11) (22,9) (23,18) (24,10) 
# pairs of queens attacking each other: 7


Solution: (0,1) (0,7) (1,3) (2,22) (3,15) (4,12) (4,19) (4,24) (5,8) (6,0) (8,4) (9,5) (10,20) (11,16) (12,23) (13,13) (14,6) (15,14) (17,21) (19,2) (20,17) (21,11) (22,9) (23,18) (24,10) 
# pairs of queens attacking each other: 5

Solution: (0,1) (0,7) (1,3) (2,22) (3,15) (4,12) (4,19) (4,24) (5,8) (6,0) (8,4) (9,5) (10,20) (11,16) (12,23) (13,13) (14,6) (15,14) (17,21) (19,2) (20,17) (21,11) (22,9) (23,18) (24,10) 
# pairs of queens attacking each other: 5


Solution: (0,1) (0,7) (1,3) (2,22) (3,15) (4,12) (4,19) (4,24) (5,8) (6,0) (8,4) (9,5) (10,20) (11,16) (12,23) (13,13) (14,6) (15,14) (17,21) (19,2) (20,17) (21,11) (22,9) (23,18) (24,10) 
# pairs of queens attacking each other: 5


Solution: (0,1) (0,7) (1,3) (2,22) (3,15) (4,12) (4,19) (4,24) (5,8) (6,0) (8,4) (9,5) (10,20) (11,16) (12,23) (13,13) (14,6) (15,14) (17,21) (19,2) (20,17) (21,11) (22,9) (23,18) (24,10) 
# pairs of queens attacking each other: 5


Solution: (0,1) (0,7) (1,3) (2,22) (3,15) (4,12) (4,19) (5,8) (6,0) (8,4) (9,5) (10,20) (11,16) (12,23) (13,13) (14,6) (15,14) (17,21) (18,24) (19,2) (20,17) (21,11) (22,9) (23,18) (24,10) 
# pairs of queens attacking each other: 3
Done in 0 restarts.
Run Time: 0.829 seconds
Queens: 25
Solution: (0,12) (1,10) (1,16) (2,0) (3,3) (3,5) (3,22) (4,18) (5,4) (5,15) (7,9) (9,13) (9,21) (11,2) (11,8) (14,1) (15,19) (15,23) (17,20) (18,17) (19,7) (22,6) (22,11) (23,14) (24,24) 
# pairs of queens attacking each other: 16

Solution: (0,12) (1,10) (1,16) (2,0) (3,3) (3,5) (3,22) (4,18) (5,4) (5,15) (7,9) (9,13) (9,21) (11,2) (11,8) (14,1) (15,19) (15,23) (17,20) (18,17) (19,7) (22,6) (22,11) (23,14) (24,24) 
# pairs of queens attacking each other: 16


Solution: (0,12) (1,10) (1,16) (2,0) (3,3) (3,5) (3,22) (4,18) (5,4) (5,15) (7,9) (8,2) (9,13) (9,21) (11,8) (14,1) (15,19) (15,23) (17,20) (18,17) (19,7) (22,6) (22,11) (23,14) (24,24) 
# pairs of queens attacking each other: 14

Solution: (0,12) (1,10) (1,16) (2,0) (3,5) (3,22) (4,18) (5,4) (5,15) (7,9) (8,2) (9,13) (9,21) (10,3) (11,8) (14,1) (15,19) (15,23) (17,20) (18,17) (19,7) (22,6) (22,11) (23,14) (24,24) 
# pairs of queens attacking each other: 12

Solution: (0,12) (1,10) (1,16) (2,0) (3,4) (3,5) (3,22) (4,18) (5,15) (7,9) (8,2) (9,13) (9,21) (10,3) (11,8) (14,1) (15,19) (15,23) (17,20) (18,17) (19,7) (22,6) (22,11) (23,14) (24,24) 
# pairs of queens attacking each other: 11

Solution: (0,12) (1,10) (1,16) (2,0) (3,4) (3,22) (4,18) (5,15) (7,9) (8,2) (9,13) (9,21) (10,3) (11,8) (13,5) (14,1) (15,19) (15,23) (17,20) (18,17) (19,7) (22,6) (22,11) (23,14) (24,24) 
# pairs of queens attacking each other: 9

Solution: (0,12) (1,10) (1,16) (2,0) (3,4) (3,22) (4,18) (5,15) (7,9) (8,2) (9,13) (9,21) (10,3) (11,8) (13,5) (14,1) (15,19) (15,23) (17,20) (18,17) (19,7) (21,6) (22,11) (23,14) (24,24) 
# pairs of queens attacking each other: 8

Solution: (0,12) (1,10) (1,16) (2,0) (3,4) (3,22) (4,18) (5,15) (7,9) (8,2) (9,13) (9,21) (10,3) (11,8) (13,5) (14,1) (15,19) (15,23) (17,20) (18,17) (19,7) (21,6) (22,11) (23,14) (24,24) 
# pairs of queens attacking each other: 8


Solution: (0,12) (1,10) (1,16) (2,0) (3,4) (3,22) (4,18) (5,15) (7,9) (8,2) (9,13) (9,21) (10,3) (11,8) (13,5) (14,1) (15,19) (15,23) (17,20) (18,17) (19,7) (21,6) (22,11) (23,14) (24,24) 
# pairs of queens attacking each other: 8


Solution: (0,12) (1,10) (1,16) (2,0) (3,4) (3,22) (4,18) (5,15) (7,9) (8,2) (9,13) (9,21) (10,3) (11,8) (13,5) (14,1) (15,19) (15,23) (17,20) (18,17) (19,7) (21,6) (22,11) (23,14) (24,24) 
# pairs of queens attacking each other: 8


Solution: (0,12) (1,10) (1,16) (2,0) (3,4) (3,22) (4,18) (5,15) (7,9) (8,2) (9,13) (9,21) (10,3) (11,8) (13,5) (14,1) (15,19) (15,23) (17,20) (18,17) (19,7) (21,6) (22,11) (23,14) (24,24) 
# pairs of queens attacking each other: 8


Solution: (0,12) (1,10) (1,16) (2,0) (3,4) (3,22) (4,18) (5,15) (7,9) (8,2) (9,13) (9,21) (10,3) (11,8) (13,5) (14,1) (15,19) (15,23) (17,20) (18,17) (19,7) (21,6) (22,11) (23,14) (24,24) 
# pairs of queens attacking each other: 8


Solution: (1,10) (1,16) (2,0) (3,4) (3,22) (4,18) (5,15) (7,9) (8,2) (9,13) (9,21) (10,3) (11,8) (13,5) (14,1) (15,19) (15,23) (16,12) (17,20) (18,17) (19,7) (21,6) (22,11) (23,14) (24,24) 
# pairs of queens attacking each other: 7

Solution: (0,13) (1,10) (1,16) (2,0) (3,4) (3,22) (4,18) (5,15) (7,9) (8,2) (9,21) (10,3) (11,8) (13,5) (14,1) (15,19) (15,23) (16,12) (17,20) (18,17) (19,7) (21,6) (22,11) (23,14) (24,24) 
# pairs of queens attacking each other: 5

Solution: (0,13) (1,10) (1,16) (2,0) (3,4) (3,22) (4,18) (5,15) (7,9) (8,2) (9,21) (10,3) (11,8) (13,5) (14,1) (15,19) (15,23) (16,12) (17,20) (18,17) (19,7) (21,6) (22,11) (23,14) (24,24) 
# pairs of queens attacking each other: 5


Solution: (0,13) (1,10) (1,16) (2,0) (3,4) (3,22) (4,18) (5,15) (7,9) (8,2) (9,21) (10,3) (11,8) (13,5) (14,1) (15,19) (15,23) (16,12) (17,20) (18,17) (19,7) (21,6) (22,11) (23,14) (24,24) 
# pairs of queens attacking each other: 5


Solution: (0,13) (1,10) (1,16) (2,0) (3,4) (3,22) (4,18) (5,15) (7,9) (8,2) (9,21) (10,3) (11,8) (13,5) (14,1) (15,19) (15,23) (16,12) (17,20) (18,17) (19,7) (21,6) (22,11) (23,14) (24,24) 
# pairs of queens attacking each other: 5


Solution: (0,13) (1,10) (1,16) (2,0) (3,4) (3,22) (4,18) (5,15) (7,9) (8,2) (9,21) (10,3) (11,8) (13,5) (14,1) (15,19) (15,23) (16,12) (17,20) (18,17) (19,7) (21,6) (22,11) (23,14) (24,24) 
# pairs of queens attacking each other: 5


Solution: (0,13) (1,10) (1,16) (2,0) (3,4) (3,22) (4,18) (5,15) (7,9) (8,2) (9,21) (10,3) (11,8) (13,5) (14,1) (15,19) (15,23) (16,12) (17,20) (18,17) (19,7) (21,6) (22,11) (23,14) (24,24) 
# pairs of queens attacking each other: 5


Solution: (0,13) (1,10) (1,16) (2,0) (3,4) (3,22) (4,18) (5,15) (7,9) (8,2) (9,21) (10,3) (11,8) (12,19) (13,5) (14,1) (15,23) (16,12) (17,20) (18,17) (19,7) (21,6) (22,11) (23,14) (24,24) 
# pairs of queens attacking each other: 4

Solution: (0,13) (1,10) (1,16) (2,0) (3,4) (3,22) (4,18) (5,15) (7,9) (8,2) (9,21) (10,3) (11,8) (12,19) (13,5) (14,1) (15,23) (16,12) (17,20) (18,17) (19,7) (21,6) (22,11) (23,14) (24,24) 
# pairs of queens attacking each other: 4


Solution: (0,13) (1,10) (1,16) (2,0) (3,4) (3,22) (4,18) (5,15) (7,9) (8,2) (9,21) (10,3) (11,8) (12,19) (13,5) (14,1) (15,23) (16,12) (17,20) (18,17) (19,7) (21,6) (22,11) (23,14) (24,24) 
# pairs of queens attacking each other: 4


Solution: (0,13) (1,10) (1,16) (2,0) (3,4) (3,22) (4,18) (5,15) (7,9) (8,2) (9,21) (10,3) (11,8) (12,19) (13,5) (14,1) (15,23) (16,12) (17,20) (18,17) (19,7) (21,6) (22,11) (23,14) (24,24) 
# pairs of queens attacking each other: 4


Solution: (0,13) (1,10) (1,16) (2,0) (3,4) (3,22) (4,18) (5,15) (7,9) (8,2) (9,21) (10,3) (11,8) (12,19) (13,5) (14,1) (15,23) (16,12) (17,20) (18,17) (19,7) (21,6) (22,11) (23,14) (24,24) 
# pairs of queens attacking each other: 4


Solution: (0,13) (1,10) (1,16) (2,0) (3,4) (3,22) (4,18) (5,15) (7,9) (8,2) (9,21) (10,3) (11,8) (12,19) (13,5) (14,1) (15,23) (16,12) (17,20) (18,17) (19,7) (21,6) (22,11) (23,14) (24,24) 
# pairs of queens attacking each other: 4

Done in 1 restarts.
Run Time: 1.611 seconds
Queens: 25
Solution: (1,12) (1,24) (2,0) (7,10) (7,17) (12,1) (12,7) (12,11) (13,6) (13,8) (13,16) (14,14) (14,19) (17,13) (18,2) (19,5) (19,20) (19,21) (19,23) (20,3) (21,4) (21,15) (21,18) (21,22) (23,9) 
# pairs of queens attacking each other: 24

Solution: (1,12) (1,24) (2,0) (7,10) (7,17) (9,1) (12,7) (12,11) (13,6) (13,8) (13,16) (14,14) (14,19) (17,13) (18,2) (19,5) (19,20) (19,21) (19,23) (20,3) (21,4) (21,15) (21,18) (21,22) (23,9) 
# pairs of queens attacking each other: 22

Solution: (1,12) (1,24) (2,0) (7,10) (7,17) (9,1) (12,7) (12,11) (13,6) (13,8) (13,16) (14,14) (14,19) (17,13) (18,2) (19,5) (19,20) (19,21) (19,23) (20,3) (21,4) (21,15) (21,18) (21,22) (23,9) 
# pairs of queens attacking each other: 22


Solution: (1,12) (1,24) (2,0) (7,10) (7,17) (9,1) (12,7) (12,11) (13,6) (13,8) (13,16) (14,14) (14,19) (15,3) (17,13) (18,2) (19,5) (19,20) (19,21) (19,23) (21,4) (21,15) (21,18) (21,22) (23,9) 
# pairs of queens attacking each other: 20

Solution: (1,12) (1,24) (2,0) (7,10) (7,17) (9,1) (12,7) (12,11) (13,6) (13,8) (13,16) (14,14) (14,19) (15,3) (17,13) (18,2) (19,5) (19,20) (19,21) (19,23) (21,15) (21,18) (21,22) (22,4) (23,9) 
# pairs of queens attacking each other: 18

Solution: (0,5) (1,12) (1,24) (2,0) (7,10) (7,17) (9,1) (12,7) (12,11) (13,6) (13,8) (13,16) (14,14) (14,19) (15,3) (17,13) (18,2) (19,20) (19,21) (19,23) (21,15) (21,18) (21,22) (22,4) (23,9) 
# pairs of queens attacking each other: 16

Solution: (0,5) (1,12) (1,24) (2,0) (7,10) (7,17) (9,1) (12,7) (12,11) (13,8) (13,16) (14,14) (14,19) (15,3) (16,6) (17,13) (18,2) (19,20) (19,21) (19,23) (21,15) (21,18) (21,22) (22,4) (23,9) 
# pairs of queens attacking each other: 14

Solution: (0,5) (1,12) (1,24) (2,0) (7,10) (7,17) (9,1) (12,11) (13,8) (13,16) (14,14) (14,19) (15,3) (16,6) (17,13) (18,2) (19,20) (19,21) (19,23) (20,7) (21,15) (21,18) (21,22) (22,4) (23,9) 
# pairs of queens attacking each other: 12

Solution: (0,5) (1,12) (1,24) (2,0) (7,10) (7,17) (9,1) (12,11) (13,8) (13,16) (14,14) (14,19) (15,3) (16,6) (17,13) (18,2) (19,20) (19,21) (19,23) (20,7) (21,15) (21,18) (21,22) (22,4) (23,9) 
# pairs of queens attacking each other: 12


Solution: (0,5) (1,12) (1,24) (2,0) (7,10) (7,17) (9,1) (12,11) (13,8) (13,16) (14,14) (14,19) (15,3) (16,6) (17,13) (18,2) (19,20) (19,21) (19,23) (20,7) (21,15) (21,18) (21,22) (22,4) (23,9) 
# pairs of queens attacking each other: 12


Solution: (0,5) (1,12) (1,24) (2,0) (4,10) (7,17) (9,1) (12,11) (13,8) (13,16) (14,14) (14,19) (15,3) (16,6) (17,13) (18,2) (19,20) (19,21) (19,23) (20,7) (21,15) (21,18) (21,22) (22,4) (23,9) 
# pairs of queens attacking each other: 10

Solution: (0,5) (1,12) (1,24) (2,0) (4,10) (7,17) (9,1) (12,11) (13,8) (13,16) (14,14) (14,19) (15,3) (16,6) (17,13) (18,2) (19,20) (19,21) (19,23) (20,7) (21,15) (21,18) (21,22) (22,4) (23,9) 
# pairs of queens attacking each other: 10


Solution: (0,5) (1,24) (2,0) (3,12) (4,10) (7,17) (9,1) (12,11) (13,8) (13,16) (14,14) (14,19) (15,3) (16,6) (17,13) (18,2) (19,20) (19,21) (19,23) (20,7) (21,15) (21,18) (21,22) (22,4) (23,9) 
# pairs of queens attacking each other: 9

Solution: (0,5) (1,24) (2,0) (3,12) (4,10) (7,17) (9,1) (12,11) (13,8) (13,16) (14,14) (14,19) (15,3) (16,6) (17,13) (18,2) (19,20) (19,21) (19,23) (20,7) (21,15) (21,18) (21,22) (22,4) (23,9) 
# pairs of queens attacking each other: 9


Solution: (0,5) (1,24) (2,0) (3,12) (4,10) (7,17) (9,1) (12,11) (13,8) (13,16) (14,14) (14,19) (15,3) (16,6) (17,13) (18,2) (19,20) (19,21) (19,23) (20,7) (21,15) (21,18) (21,22) (22,4) (23,9) 
# pairs of queens attacking each other: 9


Solution: (0,5) (1,24) (2,0) (3,12) (4,10) (7,17) (9,1) (12,11) (13,8) (13,16) (14,14) (14,19) (15,3) (16,6) (17,13) (18,2) (19,20) (19,21) (19,23) (20,7) (21,15) (21,18) (21,22) (22,4) (23,9) 
# pairs of queens attacking each other: 9


Solution: (0,5) (1,24) (2,0) (3,12) (4,10) (7,17) (9,1) (12,11) (13,8) (13,16) (14,14) (14,19) (15,3) (16,6) (17,13) (18,2) (19,20) (19,21) (19,23) (20,7) (21,15) (21,18) (21,22) (22,4) (23,9) 
# pairs of queens attacking each other: 9


Solution: (0,5) (1,24) (2,0) (3,12) (4,10) (7,17) (9,1) (12,11) (13,8) (13,16) (14,14) (14,19) (15,3) (16,6) (17,13) (18,2) (19,20) (19,21) (19,23) (20,7) (21,15) (21,18) (21,22) (22,4) (23,9) 
# pairs of queens attacking each other: 9


Solution: (0,5) (1,18) (1,24) (2,0) (3,12) (4,10) (7,17) (9,1) (12,11) (13,8) (13,16) (14,14) (14,19) (15,3) (16,6) (17,13) (18,2) (19,20) (19,21) (19,23) (20,7) (21,15) (21,22) (22,4) (23,9) 
# pairs of queens attacking each other: 8

Solution: (0,5) (1,18) (1,24) (2,0) (3,12) (4,10) (5,19) (7,17) (9,1) (12,11) (13,8) (13,16) (14,14) (15,3) (16,6) (17,13) (18,2) (19,20) (19,21) (19,23) (20,7) (21,15) (21,22) (22,4) (23,9) 
# pairs of queens attacking each other: 7

Solution: (0,5) (1,18) (1,24) (2,0) (3,12) (4,10) (5,19) (7,17) (8,20) (9,1) (12,11) (13,8) (13,16) (14,14) (15,3) (16,6) (17,13) (18,2) (19,21) (19,23) (20,7) (21,15) (21,22) (22,4) (23,9) 
# pairs of queens attacking each other: 6

Solution: (0,5) (1,18) (1,24) (2,0) (3,12) (4,10) (5,19) (7,17) (8,20) (9,1) (10,21) (12,11) (13,8) (13,16) (14,14) (15,3) (16,6) (17,13) (18,2) (19,23) (20,7) (21,15) (21,22) (22,4) (23,9) 
# pairs of queens attacking each other: 5

Solution: (0,5) (1,18) (1,24) (2,0) (3,12) (4,10) (5,19) (7,17) (8,20) (9,1) (10,21) (12,11) (13,8) (13,16) (14,14) (15,3) (16,6) (17,13) (18,2) (19,23) (20,7) (21,15) (21,22) (22,4) (23,9) 
# pairs of queens attacking each other: 5


Solution: (0,5) (1,18) (1,24) (2,0) (3,12) (4,10) (5,19) (7,17) (8,20) (9,1) (10,21) (12,11) (13,8) (13,16) (14,14) (15,3) (16,6) (17,13) (18,2) (19,23) (20,7) (21,15) (21,22) (22,4) (23,9) 
# pairs of queens attacking each other: 5


Solution: (0,5) (1,18) (2,0) (3,12) (4,10) (5,19) (7,17) (8,20) (9,1) (10,21) (11,24) (12,11) (13,8) (13,16) (14,14) (15,3) (16,6) (17,13) (18,2) (19,23) (20,7) (21,15) (21,22) (22,4) (23,9) 
# pairs of queens attacking each other: 4
Done in 2 restarts.
Run Time: 2.377 seconds
Queens: 25
Solution: (1,11) (2,10) (3,21) (4,7) (5,17) (6,0) (8,5) (10,8) (11,3) (13,19) (13,20) (13,24) (16,2) (16,13) (16,16) (16,22) (17,12) (17,18) (19,14) (19,15) (20,4) (21,6) (22,9) (23,1) (24,23) 
# pairs of queens attacking each other: 17

Solution: (1,11) (2,10) (3,21) (4,7) (5,17) (6,0) (8,5) (10,8) (11,3) (13,19) (13,20) (13,24) (16,2) (16,13) (16,16) (16,22) (17,12) (17,18) (18,1) (19,14) (19,15) (20,4) (21,6) (22,9) (24,23) 
# pairs of queens attacking each other: 16

Solution: (0,2) (1,11) (2,10) (3,21) (4,7) (5,17) (6,0) (8,5) (10,8) (11,3) (13,19) (13,20) (13,24) (16,13) (16,16) (16,22) (17,12) (17,18) (18,1) (19,14) (19,15) (20,4) (21,6) (22,9) (24,23) 
# pairs of queens attacking each other: 14

Solution: (0,2) (1,11) (2,10) (3,21) (4,7) (5,17) (6,0) (8,5) (10,8) (11,3) (13,19) (13,20) (13,24) (16,13) (16,16) (16,22) (17,12) (17,18) (18,1) (19,14) (19,15) (20,4) (21,6) (22,9) (24,23) 
# pairs of queens attacking each other: 14


Solution: (0,2) (1,11) (2,10) (3,21) (4,7) (5,17) (6,0) (8,5) (10,8) (11,3) (13,19) (13,20) (13,24) (16,13) (16,16) (16,22) (17,12) (17,18) (18,1) (19,14) (19,15) (20,4) (21,6) (22,9) (24,23) 
# pairs of queens attacking each other: 14


Solution: (0,2) (1,11) (2,10) (3,21) (4,7) (5,17) (6,0) (10,8) (11,3) (12,5) (13,19) (13,20) (13,24) (16,13) (16,16) (16,22) (17,12) (17,18) (18,1) (19,14) (19,15) (20,4) (21,6) (22,9) (24,23) 
# pairs of queens attacking each other: 13

Solution: (0,2) (1,11) (2,10) (3,21) (4,7) (5,17) (6,0) (10,8) (11,3) (12,5) (13,19) (13,20) (13,24) (16,13) (16,16) (16,22) (17,12) (17,18) (18,1) (19,14) (19,15) (20,4) (21,6) (22,9) (24,23) 
# pairs of queens attacking each other: 13


Solution: (0,2) (1,11) (2,10) (3,21) (4,7) (5,17) (6,0) (10,8) (11,3) (12,5) (13,19) (13,20) (13,24) (16,13) (16,16) (16,22) (17,12) (17,18) (18,1) (19,14) (19,15) (20,4) (21,6) (22,9) (24,23) 
# pairs of queens attacking each other: 13


Solution: (0,2) (1,11) (2,10) (3,21) (4,7) (5,17) (6,0) (10,8) (11,3) (12,5) (13,19) (13,20) (13,24) (16,13) (16,16) (16,22) (17,12) (17,18) (18,1) (19,14) (19,15) (20,4) (21,6) (22,9) (24,23) 
# pairs of queens attacking each other: 13


Solution: (0,2) (1,11) (2,10) (3,21) (4,7) (5,17) (6,0) (10,8) (11,3) (12,5) (13,19) (13,20) (13,24) (16,13) (16,16) (16,22) (17,12) (17,18) (18,1) (19,14) (19,15) (20,4) (21,6) (22,9) (24,23) 
# pairs of queens attacking each other: 13


Solution: (0,2) (1,11) (2,10) (3,21) (4,7) (5,17) (6,0) (10,8) (11,3) (12,5) (13,19) (13,20) (13,24) (16,13) (16,16) (16,22) (17,12) (17,18) (18,1) (19,14) (19,15) (20,4) (21,6) (22,9) (24,23) 
# pairs of queens attacking each other: 13


Solution: (0,2) (1,11) (2,10) (3,21) (4,7) (5,17) (6,0) (10,8) (11,3) (12,5) (13,19) (13,20) (13,24) (16,13) (16,16) (16,22) (17,12) (17,18) (18,1) (19,14) (19,15) (20,4) (21,6) (22,9) (24,23) 
# pairs of queens attacking each other: 13


Solution: (0,2) (1,11) (2,10) (3,21) (4,7) (5,17) (6,0) (8,12) (10,8) (11,3) (12,5) (13,19) (13,20) (13,24) (16,13) (16,16) (16,22) (17,18) (18,1) (19,14) (19,15) (20,4) (21,6) (22,9) (24,23) 
# pairs of queens attacking each other: 10

Solution: (0,2) (1,11) (2,10) (3,21) (4,7) (5,17) (6,0) (8,12) (10,8) (11,3) (12,5) (13,19) (13,20) (13,24) (16,16) (16,22) (17,18) (18,1) (19,14) (19,15) (20,4) (21,6) (22,9) (23,13) (24,23) 
# pairs of queens attacking each other: 9

Solution: (0,2) (1,11) (2,10) (3,21) (4,7) (5,17) (6,0) (8,12) (9,14) (10,8) (11,3) (12,5) (13,19) (13,20) (13,24) (16,16) (16,22) (17,18) (18,1) (19,15) (20,4) (21,6) (22,9) (23,13) (24,23) 
# pairs of queens attacking each other: 7

Solution: (0,2) (1,11) (2,10) (3,21) (4,7) (5,17) (6,0) (8,12) (9,14) (10,8) (11,3) (12,5) (13,19) (13,20) (13,24) (16,16) (16,22) (17,18) (18,1) (19,15) (20,4) (21,6) (22,9) (23,13) (24,23) 
# pairs of queens attacking each other: 7


Solution: (0,2) (0,16) (1,11) (2,10) (3,21) (4,7) (5,17) (6,0) (8,12) (9,14) (10,8) (11,3) (12,5) (13,19) (13,20) (13,24) (16,22) (17,18) (18,1) (19,15) (20,4) (21,6) (22,9) (23,13) (24,23) 
# pairs of queens attacking each other: 6

Solution: (0,2) (0,16) (1,11) (2,10) (3,21) (4,7) (5,17) (6,0) (8,12) (9,14) (10,8) (11,3) (12,5) (13,19) (13,20) (13,24) (16,22) (17,18) (18,1) (19,15) (20,4) (21,6) (22,9) (23,13) (24,23) 
# pairs of queens attacking each other: 6


Solution: (0,2) (0,16) (1,11) (2,10) (3,21) (4,7) (5,17) (6,0) (8,12) (9,14) (10,8) (11,3) (12,5) (13,19) (13,20) (13,24) (16,22) (17,18) (18,1) (19,15) (20,4) (21,6) (22,9) (23,13) (24,23) 
# pairs of queens attacking each other: 6


Solution: (0,2) (0,16) (1,11) (2,10) (2,19) (3,21) (4,7) (5,17) (6,0) (8,12) (9,14) (10,8) (11,3) (12,5) (13,20) (13,24) (16,22) (17,18) (18,1) (19,15) (20,4) (21,6) (22,9) (23,13) (24,23) 
# pairs of queens attacking each other: 5

Solution: (0,2) (0,16) (1,11) (2,10) (2,19) (3,21) (4,7) (5,17) (6,0) (8,12) (9,14) (10,8) (11,3) (12,5) (13,20) (13,24) (16,22) (17,18) (18,1) (19,15) (20,4) (21,6) (22,9) (23,13) (24,23) 
# pairs of queens attacking each other: 5


Solution: (0,2) (0,16) (1,11) (2,10) (2,19) (4,7) (5,17) (6,0) (7,21) (8,12) (9,14) (10,8) (11,3) (12,5) (13,20) (13,24) (16,22) (17,18) (18,1) (19,15) (20,4) (21,6) (22,9) (23,13) (24,23) 
# pairs of queens attacking each other: 4

Solution: (0,2) (0,16) (1,11) (2,10) (2,19) (4,7) (5,17) (6,0) (7,21) (8,12) (9,14) (10,8) (11,3) (12,5) (13,20) (13,24) (16,22) (17,18) (18,1) (19,15) (20,4) (21,6) (22,9) (23,13) (24,23) 
# pairs of queens attacking each other: 4


Solution: (0,2) (0,16) (1,11) (2,10) (2,19) (4,7) (5,17) (6,0) (7,21) (8,12) (9,14) (10,8) (11,3) (12,5) (13,20) (13,24) (16,22) (17,18) (18,1) (19,15) (20,4) (21,6) (22,9) (23,13) (24,23) 
# pairs of queens attacking each other: 4


Solution: (0,2) (0,16) (1,11) (2,10) (2,19) (4,7) (5,17) (6,0) (7,21) (8,12) (9,14) (10,8) (11,3) (12,5) (13,20) (15,24) (16,22) (17,18) (18,1) (19,15) (20,4) (21,6) (22,9) (23,13) (24,23) 
# pairs of queens attacking each other: 3
Done in 3 restarts.
Run Time: 3.145 seconds
Queens: 25
Solution: (1,3) (1,9) (1,19) (1,21) (2,10) (4,12) (4,14) (5,22) (5,23) (6,6) (6,17) (7,13) (8,0) (9,8) (12,16) (12,20) (14,5) (15,2) (16,1) (17,7) (18,4) (20,24) (21,18) (22,15) (24,11) 
# pairs of queens attacking each other: 19

Solution: (0,1) (1,3) (1,9) (1,19) (1,21) (2,10) (4,12) (4,14) (5,22) (5,23) (6,6) (6,17) (7,13) (8,0) (9,8) (12,16) (12,20) (14,5) (15,2) (17,7) (18,4) (20,24) (21,18) (22,15) (24,11) 
# pairs of queens attacking each other: 18

Solution: (0,1) (1,3) (1,9) (1,19) (1,21) (2,10) (4,12) (4,14) (5,22) (5,23) (6,6) (6,17) (7,13) (8,0) (9,8) (12,16) (12,20) (13,2) (14,5) (17,7) (18,4) (20,24) (21,18) (22,15) (24,11) 
# pairs of queens attacking each other: 16

Solution: (0,1) (1,9) (1,19) (1,21) (2,10) (4,12) (4,14) (5,22) (5,23) (6,6) (6,17) (7,13) (8,0) (9,8) (12,16) (12,20) (13,2) (14,5) (17,7) (18,4) (20,24) (21,18) (22,15) (23,3) (24,11) 
# pairs of queens attacking each other: 15

Solution: (0,1) (1,9) (1,19) (1,21) (2,10) (4,12) (4,14) (5,22) (5,23) (6,6) (6,17) (7,13) (8,0) (9,8) (10,4) (12,16) (12,20) (13,2) (14,5) (17,7) (20,24) (21,18) (22,15) (23,3) (24,11) 
# pairs of queens attacking each other: 14

Solution: (0,1) (1,9) (1,19) (1,21) (2,10) (4,12) (4,14) (5,22) (5,23) (6,6) (6,17) (7,13) (8,0) (9,8) (10,4) (12,16) (12,20) (13,2) (14,5) (17,7) (20,24) (21,18) (22,15) (23,3) (24,11) 
# pairs of queens attacking each other: 14


Solution: (0,1) (1,9) (1,19) (1,21) (2,10) (3,6) (4,12) (4,14) (5,22) (5,23) (6,17) (7,13) (8,0) (9,8) (10,4) (12,16) (12,20) (13,2) (14,5) (17,7) (20,24) (21,18) (22,15) (23,3) (24,11) 
# pairs of queens attacking each other: 12

Solution: (0,1) (1,9) (1,19) (1,21) (2,10) (3,6) (4,12) (4,14) (5,22) (5,23) (6,17) (7,13) (8,0) (9,8) (10,4) (12,16) (12,20) (13,2) (14,5) (17,7) (20,24) (21,18) (22,15) (23,3) (24,11) 
# pairs of queens attacking each other: 12


Solution: (0,1) (1,9) (1,19) (1,21) (2,10) (3,6) (4,12) (4,14) (5,22) (5,23) (6,17) (7,13) (8,0) (9,8) (10,4) (12,16) (12,20) (13,2) (14,5) (17,7) (20,24) (21,18) (22,15) (23,3) (24,11) 
# pairs of queens attacking each other: 12


Solution: (0,1) (1,19) (1,21) (2,9) (2,10) (3,6) (4,12) (4,14) (5,22) (5,23) (6,17) (7,13) (8,0) (9,8) (10,4) (12,16) (12,20) (13,2) (14,5) (17,7) (20,24) (21,18) (22,15) (23,3) (24,11) 
# pairs of queens attacking each other: 11

Solution: (0,1) (1,19) (1,21) (2,9) (3,6) (4,12) (4,14) (5,22) (5,23) (6,17) (7,13) (8,0) (9,8) (10,4) (12,16) (12,20) (13,2) (14,5) (15,10) (17,7) (20,24) (21,18) (22,15) (23,3) (24,11) 
# pairs of queens attacking each other: 9

Solution: (0,1) (1,19) (1,21) (2,9) (3,6) (4,12) (4,14) (5,22) (5,23) (6,17) (7,13) (8,0) (9,8) (10,4) (12,16) (12,20) (13,2) (14,5) (15,10) (17,7) (20,24) (21,18) (22,15) (23,3) (24,11) 
# pairs of queens attacking each other: 9


Solution: (0,1) (0,12) (1,19) (1,21) (2,9) (3,6) (4,14) (5,22) (5,23) (6,17) (7,13) (8,0) (9,8) (10,4) (12,16) (12,20) (13,2) (14,5) (15,10) (17,7) (20,24) (21,18) (22,15) (23,3) (24,11) 
# pairs of queens attacking each other: 8

Solution: (0,1) (0,12) (1,19) (1,21) (2,9) (3,6) (4,14) (5,22) (5,23) (6,17) (7,13) (8,0) (9,8) (10,4) (12,16) (12,20) (13,2) (14,5) (15,10) (17,7) (20,24) (21,18) (22,15) (23,3) (24,11) 
# pairs of queens attacking each other: 8


Solution: (0,1) (0,12) (1,19) (1,21) (2,9) (3,6) (4,14) (5,22) (5,23) (6,17) (7,13) (8,0) (9,8) (10,4) (12,16) (12,20) (13,2) (14,5) (15,10) (17,7) (20,24) (21,18) (22,15) (23,3) (24,11) 
# pairs of queens attacking each other: 8


Solution: (0,1) (0,12) (1,19) (1,21) (2,9) (3,6) (4,14) (5,22) (5,23) (6,17) (7,13) (8,0) (9,8) (10,4) (12,16) (12,20) (13,2) (14,5) (15,10) (17,7) (20,24) (21,18) (22,15) (23,3) (24,11) 
# pairs of queens attacking each other: 8


Solution: (0,1) (0,12) (1,19) (1,21) (2,9) (3,6) (4,14) (5,22) (5,23) (6,17) (7,13) (8,0) (9,8) (10,4) (12,20) (13,2) (14,5) (15,10) (17,7) (18,16) (20,24) (21,18) (22,15) (23,3) (24,11) 
# pairs of queens attacking each other: 5

Solution: (0,1) (0,12) (1,19) (1,21) (2,9) (3,6) (4,14) (5,22) (5,23) (6,17) (7,13) (8,0) (9,8) (10,4) (12,20) (13,2) (14,5) (15,10) (17,7) (18,16) (20,24) (21,18) (22,15) (23,3) (24,11) 
# pairs of queens attacking each other: 5


Solution: (0,1) (0,12) (1,19) (1,21) (2,9) (3,6) (4,14) (5,22) (5,23) (6,17) (7,13) (8,0) (9,8) (10,4) (12,20) (13,2) (14,5) (15,10) (17,7) (18,16) (20,24) (21,18) (22,15) (23,3) (24,11) 
# pairs of queens attacking each other: 5


Solution: (0,1) (0,12) (1,21) (2,9) (3,6) (4,14) (5,22) (5,23) (6,17) (7,13) (8,0) (9,8) (10,4) (12,20) (13,2) (14,5) (15,10) (17,7) (18,16) (19,19) (20,24) (21,18) (22,15) (23,3) (24,11) 
# pairs of queens attacking each other: 2

Solution: (0,1) (0,12) (1,21) (2,9) (3,6) (4,14) (5,22) (5,23) (6,17) (7,13) (8,0) (9,8) (10,4) (12,20) (13,2) (14,5) (15,10) (17,7) (18,16) (19,19) (20,24) (21,18) (22,15) (23,3) (24,11) 
# pairs of queens attacking each other: 2


Solution: (0,1) (0,12) (1,21) (2,9) (3,6) (4,14) (5,22) (5,23) (6,17) (7,13) (8,0) (9,8) (10,4) (12,20) (13,2) (14,5) (15,10) (17,7) (18,16) (19,19) (20,24) (21,18) (22,15) (23,3) (24,11) 
# pairs of queens attacking each other: 2


Solution: (0,1) (0,12) (1,21) (2,9) (3,6) (4,14) (5,22) (5,23) (6,17) (7,13) (8,0) (9,8) (10,4) (12,20) (13,2) (14,5) (15,10) (17,7) (18,16) (19,19) (20,24) (21,18) (22,15) (23,3) (24,11) 
# pairs of queens attacking each other: 2


Solution: (0,1) (0,12) (1,21) (2,9) (3,6) (4,14) (5,22) (5,23) (6,17) (7,13) (8,0) (9,8) (10,4) (12,20) (13,2) (14,5) (15,10) (17,7) (18,16) (19,19) (20,24) (21,18) (22,15) (23,3) (24,11) 
# pairs of queens attacking each other: 2


Solution: (0,1) (0,12) (1,21) (2,9) (3,6) (4,14) (5,22) (5,23) (6,17) (7,13) (8,0) (9,8) (10,4) (12,20) (13,2) (14,5) (15,10) (17,7) (18,16) (19,19) (20,24) (21,18) (22,15) (23,3) (24,11) 
# pairs of queens attacking each other: 2

Done in 4 restarts.
Run Time: 3.912 seconds
Queens: 25
Solution: (0,6) (1,16) (2,13) (2,24) (5,10) (5,21) (5,23) (6,8) (7,0) (8,20) (10,22) (12,2) (13,12) (13,17) (14,9) (16,3) (17,5) (17,14) (18,18) (19,15) (20,4) (21,1) (22,11) (23,7) (23,19) 
# pairs of queens attacking each other: 15

Solution: (0,6) (1,16) (2,13) (2,24) (3,1) (5,10) (5,21) (5,23) (6,8) (7,0) (8,20) (10,22) (12,2) (13,12) (13,17) (14,9) (16,3) (17,5) (17,14) (18,18) (19,15) (20,4) (22,11) (23,7) (23,19) 
# pairs of queens attacking each other: 14

Solution: (0,6) (1,16) (2,13) (2,24) (3,1) (5,10) (5,21) (5,23) (6,8) (7,0) (8,20) (10,22) (11,2) (13,12) (13,17) (14,9) (16,3) (17,5) (17,14) (18,18) (19,15) (20,4) (22,11) (23,7) (23,19) 
# pairs of queens attacking each other: 13

Solution: (0,6) (1,16) (2,13) (2,24) (3,1) (5,10) (5,21) (5,23) (6,8) (7,0) (8,20) (10,22) (11,2) (13,12) (13,17) (14,9) (16,3) (17,5) (17,14) (18,18) (19,15) (20,4) (22,11) (23,7) (23,19) 
# pairs of queens attacking each other: 13


Solution: (0,6) (1,16) (2,13) (2,24) (3,1) (5,10) (5,21) (5,23) (6,8) (7,0) (8,20) (10,22) (11,2) (12,4) (13,12) (13,17) (14,9) (16,3) (17,5) (17,14) (18,18) (19,15) (22,11) (23,7) (23,19) 
# pairs of queens attacking each other: 12

Solution: (0,6) (1,16) (2,13) (2,24) (3,1) (4,5) (5,10) (5,21) (5,23) (6,8) (7,0) (8,20) (10,22) (11,2) (12,4) (13,12) (13,17) (14,9) (16,3) (17,14) (18,18) (19,15) (22,11) (23,7) (23,19) 
# pairs of queens attacking each other: 11

Solution: (0,6) (1,16) (2,13) (2,24) (3,1) (4,5) (5,10) (5,21) (5,23) (6,8) (7,0) (8,20) (10,22) (11,2) (12,4) (13,12) (13,17) (14,9) (16,3) (17,14) (18,18) (19,15) (22,11) (23,7) (23,19) 
# pairs of queens attacking each other: 11


Solution: (0,6) (1,16) (2,13) (2,24) (3,1) (4,5) (4,7) (5,10) (5,21) (5,23) (6,8) (7,0) (8,20) (10,22) (11,2) (12,4) (13,12) (13,17) (14,9) (16,3) (17,14) (18,18) (19,15) (22,11) (23,19) 
# pairs of queens attacking each other: 10

Solution: (0,6) (1,16) (2,13) (2,24) (3,1) (4,5) (4,7) (5,10) (5,21) (5,23) (6,8) (7,0) (8,20) (10,22) (11,2) (12,4) (13,12) (13,17) (14,9) (16,3) (17,14) (18,18) (19,15) (22,11) (23,19) 
# pairs of queens attacking each other: 10


Solution: (0,6) (1,16) (2,13) (2,24) (3,1) (4,5) (4,7) (5,10) (5,21) (5,23) (6,8) (7,0) (8,20) (10,22) (11,2) (12,4) (13,12) (13,17) (14,9) (16,3) (17,14) (18,18) (19,15) (22,11) (23,19) 
# pairs of queens attacking each other: 10


Solution: (0,6) (0,10) (1,16) (2,13) (2,24) (3,1) (4,5) (4,7) (5,21) (5,23) (6,8) (7,0) (8,20) (10,22) (11,2) (12,4) (13,12) (13,17) (14,9) (16,3) (17,14) (18,18) (19,15) (22,11) (23,19) 
# pairs of queens attacking each other: 9

Solution: (0,6) (0,10) (1,16) (2,13) (2,24) (3,1) (4,5) (4,7) (5,21) (5,23) (6,8) (7,0) (8,20) (10,22) (11,2) (12,4) (13,12) (13,17) (14,9) (16,3) (17,14) (18,18) (19,15) (22,11) (23,19) 
# pairs of queens attacking each other: 9


Solution: (0,6) (0,10) (1,16) (2,13) (2,24) (3,1) (4,5) (4,7) (5,21) (5,23) (6,8) (7,0) (8,20) (10,22) (11,2) (12,4) (13,12) (13,17) (14,9) (16,3) (17,14) (18,18) (19,15) (22,11) (23,19) 
# pairs of queens attacking each other: 9


Solution: (0,6) (0,10) (1,16) (2,13) (2,24) (3,1) (4,5) (4,7) (5,21) (5,23) (6,8) (7,0) (8,20) (10,22) (11,2) (12,4) (13,12) (13,17) (14,9) (16,3) (17,14) (18,18) (19,15) (22,11) (23,19) 
# pairs of queens attacking each other: 9


Solution: (0,6) (0,10) (1,16) (2,13) (2,24) (3,1) (4,5) (4,7) (5,21) (5,23) (6,8) (7,0) (8,20) (10,22) (11,2) (12,4) (13,12) (13,17) (14,9) (16,3) (17,14) (18,18) (19,15) (22,11) (23,19) 
# pairs of queens attacking each other: 9


Solution: (0,6) (0,10) (1,16) (2,13) (2,24) (3,1) (4,5) (4,7) (5,21) (5,23) (6,8) (7,0) (8,20) (10,22) (11,2) (12,4) (13,12) (13,17) (14,9) (16,3) (17,14) (18,18) (19,15) (22,11) (23,19) 
# pairs of queens attacking each other: 9


Solution: (0,6) (0,10) (1,16) (2,13) (2,24) (3,1) (4,5) (4,7) (5,21) (5,23) (6,8) (7,0) (8,20) (10,22) (11,2) (12,4) (13,12) (13,17) (14,9) (16,3) (17,14) (18,18) (19,15) (22,11) (23,19) 
# pairs of queens attacking each other: 9


Solution: (0,6) (0,10) (1,16) (2,13) (2,24) (3,1) (4,5) (4,7) (5,21) (5,23) (6,8) (7,0) (8,20) (10,22) (11,2) (12,4) (13,12) (13,17) (14,9) (16,3) (17,14) (18,18) (19,15) (22,11) (23,19) 
# pairs of queens attacking each other: 9


Solution: (0,6) (0,10) (1,16) (2,13) (2,24) (3,1) (4,5) (4,7) (5,21) (5,23) (6,8) (7,0) (8,20) (10,22) (11,2) (12,4) (13,12) (13,17) (14,9) (16,3) (17,14) (18,18) (19,15) (22,11) (23,19) 
# pairs of queens attacking each other: 9


Solution: (0,6) (0,10) (1,16) (2,13) (2,24) (3,1) (4,5) (4,7) (5,21) (5,23) (6,8) (7,0) (8,20) (10,22) (11,2) (12,4) (13,12) (13,17) (14,9) (16,3) (17,14) (18,18) (19,15) (22,11) (23,19) 
# pairs of queens attacking each other: 9


Solution: (0,6) (0,10) (1,16) (2,13) (2,24) (3,1) (4,5) (4,7) (5,21) (5,23) (6,8) (7,0) (10,22) (11,2) (12,4) (13,12) (13,17) (14,9) (15,20) (16,3) (17,14) (18,18) (19,15) (22,11) (23,19) 
# pairs of queens attacking each other: 7

Solution: (0,6) (0,10) (1,16) (2,13) (2,24) (3,1) (4,5) (4,7) (5,23) (6,8) (7,0) (8,21) (10,22) (11,2) (12,4) (13,12) (13,17) (14,9) (15,20) (16,3) (17,14) (18,18) (19,15) (22,11) (23,19) 
# pairs of queens attacking each other: 5

Solution: (0,6) (0,10) (1,16) (2,13) (2,24) (3,1) (4,5) (4,7) (5,23) (6,8) (7,0) (8,21) (10,22) (11,2) (12,4) (13,12) (13,17) (14,9) (15,20) (16,3) (17,14) (18,18) (19,15) (22,11) (23,19) 
# pairs of queens attacking each other: 5


Solution: (0,6) (0,10) (1,16) (2,13) (2,24) (3,1) (4,5) (4,7) (5,23) (6,8) (7,0) (8,21) (10,22) (11,2) (12,4) (13,12) (13,17) (14,9) (15,20) (16,3) (17,14) (18,18) (19,15) (22,11) (23,19) 
# pairs of queens attacking each other: 5


Solution: (0,6) (0,10) (1,16) (2,13) (2,24) (3,1) (4,5) (4,7) (5,23) (6,8) (7,0) (8,21) (10,22) (11,2) (12,4) (13,12) (13,17) (14,9) (15,20) (16,3) (17,14) (18,18) (19,15) (22,11) (23,19) 
# pairs of queens attacking each other: 5

Done in 5 restarts.
Run Time: 4.679 seconds
Queens: 25