
Solution: (0,3) (1,15) (2,13) (2,18) (3,4) (4,8) (4,12) (4,21) (5,6) (6,20) (6,23) (8,9) (10,7) (10,22) (12,11) (13,16) (14,1) (14,17) (14,24) (16,10) (17,2) (18,19) (19,14) (22,0) (23,5) 
# pairs of queens attacking each other: 19


Solution: (0,3) (1,15) (2,13) (2,18) (3,4) (4,8) (4,12) (4,21) (5,6) (6,20) (6,23) (8,9) (9,1) (10,7) (10,22) (12,11) (13,16) (14,17) (14,24) (16,10) (17,2) (18,19) (19,14) (22,0) (23,5) 
# pairs of queens attacking each other: 17

Solution: (0,3) (1,15) (2,13) (2,18) (3,4) (4,8) (4,12) (4,21) (5,6) (6,20) (6,23) (8,9) (9,1) (10,7) (10,22) (12,11) (13,16) (14,17) (14,24) (16,10) (17,2) (18,19) (19,14) (22,0) (23,5) 
# pairs of queens attacking each other: 17


Solution: (1,15) (2,13) (2,18) (3,4) (4,8) (4,12) (4,21) (5,6) (6,20) (6,23) (8,9) (9,1) (10,7) (10,22) (12,11) (13,16) (14,17) (14,24) (15,3) (16,10) (17,2) (18,19) (19,14) (22,0) (23,5) 
# pairs of queens attacking each other: 16

Solution: (1,15) (2,13) (2,18) (4,8) (4,12) (4,21) (5,6) (6,20) (6,23) (8,9) (9,1) (10,7) (10,22) (12,11) (13,16) (14,17) (14,24) (15,3) (16,10) (17,2) (18,19) (19,14) (20,4) (22,0) (23,5) 
# pairs of queens attacking each other: 15

Solution: (1,15) (2,13) (2,18) (4,8) (4,12) (4,21) (5,6) (6,20) (6,23) (8,9) (9,1) (10,7) (10,22) (12,11) (13,16) (14,17) (14,24) (15,3) (16,10) (17,2) (18,19) (19,14) (20,4) (22,0) (23,5) 
# pairs of queens attacking each other: 15


Solution: (0,6) (1,15) (2,13) (2,18) (4,8) (4,12) (4,21) (6,20) (6,23) (8,9) (9,1) (10,7) (10,22) (12,11) (13,16) (14,17) (14,24) (15,3) (16,10) (17,2) (18,19) (19,14) (20,4) (22,0) (23,5) 
# pairs of queens attacking each other: 14

Solution: (0,6) (1,15) (2,13) (2,18) (4,8) (4,12) (4,21) (6,20) (6,23) (7,7) (8,9) (9,1) (10,22) (12,11) (13,16) (14,17) (14,24) (15,3) (16,10) (17,2) (18,19) (19,14) (20,4) (22,0) (23,5) 
# pairs of queens attacking each other: 12

Solution: (0,6) (1,15) (2,13) (2,18) (3,8) (4,12) (4,21) (6,20) (6,23) (7,7) (8,9) (9,1) (10,22) (12,11) (13,16) (14,17) (14,24) (15,3) (16,10) (17,2) (18,19) (19,14) (20,4) (22,0) (23,5) 
# pairs of queens attacking each other: 11

Solution: (0,6) (1,15) (2,13) (2,18) (3,8) (4,12) (4,21) (6,20) (6,23) (7,7) (8,9) (9,1) (10,22) (12,11) (13,16) (14,17) (14,24) (15,3) (16,10) (17,2) (18,19) (19,14) (20,4) (22,0) (23,5) 
# pairs of queens attacking each other: 11


Solution: (0,6) (1,15) (2,13) (2,18) (3,8) (4,12) (4,21) (6,20) (6,23) (7,7) (8,9) (9,1) (10,22) (12,11) (13,16) (14,17) (14,24) (15,3) (17,2) (18,19) (19,14) (20,4) (22,0) (23,5) (24,10) 
# pairs of queens attacking each other: 10

Solution: (0,6) (1,15) (2,13) (2,18) (3,8) (4,12) (4,21) (6,20) (6,23) (7,7) (8,9) (9,1) (10,22) (12,11) (13,16) (14,17) (14,24) (15,3) (17,2) (18,19) (19,14) (20,4) (22,0) (23,5) (24,10) 
# pairs of queens attacking each other: 10


Solution: (0,6) (1,15) (2,13) (2,18) (3,8) (4,21) (5,12) (6,20) (6,23) (7,7) (8,9) (9,1) (10,22) (12,11) (13,16) (14,17) (14,24) (15,3) (17,2) (18,19) (19,14) (20,4) (22,0) (23,5) (24,10) 
# pairs of queens attacking each other: 9

Solution: (0,6) (1,15) (2,13) (2,18) (3,8) (4,21) (5,12) (6,20) (6,23) (7,7) (8,9) (9,1) (10,22) (12,11) (13,16) (14,17) (14,24) (15,3) (17,2) (18,19) (19,14) (20,4) (22,0) (23,5) (24,10) 
# pairs of queens attacking each other: 9


Solution: (0,6) (1,15) (2,13) (2,18) (3,8) (4,21) (5,12) (6,20) (6,23) (7,7) (8,9) (9,1) (10,22) (12,11) (13,16) (14,17) (14,24) (15,3) (17,2) (18,19) (19,14) (20,4) (22,0) (23,5) (24,10) 
# pairs of queens attacking each other: 9


Solution: (0,6) (2,13) (2,18) (3,8) (4,21) (5,12) (6,20) (6,23) (7,7) (8,9) (9,1) (10,22) (12,11) (13,16) (14,17) (14,24) (15,3) (17,2) (18,19) (19,14) (20,4) (21,15) (22,0) (23,5) (24,10) 
# pairs of queens attacking each other: 8

Solution: (0,6) (1,16) (2,13) (2,18) (3,8) (4,21) (5,12) (6,20) (6,23) (7,7) (8,9) (9,1) (10,22) (12,11) (14,17) (14,24) (15,3) (17,2) (18,19) (19,14) (20,4) (21,15) (22,0) (23,5) (24,10) 
# pairs of queens attacking each other: 7

Solution: (0,6) (1,16) (2,13) (2,18) (3,8) (4,21) (5,12) (6,20) (6,23) (7,7) (8,9) (9,1) (10,22) (12,11) (13,17) (14,24) (15,3) (17,2) (18,19) (19,14) (20,4) (21,15) (22,0) (23,5) (24,10) 
# pairs of queens attacking each other: 6

Solution: (0,6) (1,16) (2,13) (2,18) (3,8) (4,21) (5,12) (6,20) (6,23) (7,7) (8,9) (9,1) (10,22) (12,11) (13,17) (14,24) (15,3) (17,2) (18,19) (19,14) (20,4) (21,15) (22,0) (23,5) (24,10) 
# pairs of queens attacking each other: 6


Solution: (0,6) (1,16) (2,13) (2,18) (3,8) (4,21) (5,12) (6,20) (6,23) (7,7) (8,9) (9,1) (10,22) (12,11) (13,17) (14,24) (15,3) (16,19) (17,2) (19,14) (20,4) (21,15) (22,0) (23,5) (24,10) 
# pairs of queens attacking each other: 5

Solution: (0,6) (1,16) (2,13) (2,18) (3,8) (4,21) (5,12) (6,23) (7,7) (8,9) (9,1) (10,22) (11,20) (12,11) (13,17) (14,24) (15,3) (16,19) (17,2) (19,14) (20,4) (21,15) (22,0) (23,5) (24,10) 
# pairs of queens attacking each other: 4

Solution: (0,6) (1,16) (2,13) (2,18) (3,8) (4,21) (5,12) (6,23) (7,7) (8,9) (9,1) (10,22) (11,20) (12,11) (13,17) (14,24) (15,3) (16,19) (17,2) (19,14) (20,4) (21,15) (22,0) (23,5) (24,10) 
# pairs of queens attacking each other: 4


Solution: (0,6) (1,16) (2,13) (2,18) (3,8) (4,21) (5,12) (6,23) (7,7) (8,9) (9,1) (10,22) (11,20) (12,11) (13,17) (14,24) (15,3) (16,19) (17,2) (19,14) (20,4) (21,15) (22,0) (23,5) (24,10) 
# pairs of queens attacking each other: 4


Solution: (0,6) (1,16) (2,13) (2,18) (3,8) (4,21) (5,12) (6,23) (7,7) (8,9) (9,1) (10,22) (11,20) (12,11) (13,17) (14,24) (15,3) (16,19) (17,2) (19,14) (20,4) (21,15) (22,0) (23,5) (24,10) 
# pairs of queens attacking each other: 4


Solution: (0,6) (1,16) (2,13) (2,18) (3,8) (4,21) (5,12) (6,23) (7,7) (8,9) (9,1) (10,22) (11,20) (12,11) (13,17) (14,24) (15,3) (16,19) (17,2) (19,14) (20,4) (21,15) (22,0) (23,5) (24,10) 
# pairs of queens attacking each other: 4

Done in 0 restarts.
Run Time: 0.876 seconds
Queens: 25
Solution: (1,4) (1,12) (1,18) (2,2) (2,14) (2,21) (4,17) (5,11) (6,19) (9,3) (9,6) (10,22) (11,1) (13,5) (13,10) (13,23) (15,13) (15,24) (16,8) (16,9) (16,20) (17,15) (18,7) (21,16) (22,0) 
# pairs of queens attacking each other: 22


Solution: (0,1) (1,4) (1,12) (1,18) (2,2) (2,14) (2,21) (4,17) (5,11) (6,19) (9,3) (9,6) (10,22) (13,5) (13,10) (13,23) (15,13) (15,24) (16,8) (16,9) (16,20) (17,15) (18,7) (21,16) (22,0) 
# pairs of queens attacking each other: 21

Solution: (0,1) (1,4) (1,12) (1,18) (2,14) (2,21) (4,17) (5,11) (6,19) (9,3) (9,6) (10,22) (12,2) (13,5) (13,10) (13,23) (15,13) (15,24) (16,8) (16,9) (16,20) (17,15) (18,7) (21,16) (22,0) 
# pairs of queens attacking each other: 20

Solution: (0,1) (1,4) (1,12) (1,18) (2,14) (2,21) (3,3) (4,17) (5,11) (6,19) (9,6) (10,22) (12,2) (13,5) (13,10) (13,23) (15,13) (15,24) (16,8) (16,9) (16,20) (17,15) (18,7) (21,16) (22,0) 
# pairs of queens attacking each other: 19

Solution: (0,1) (1,12) (1,18) (2,14) (2,21) (3,3) (4,17) (5,11) (6,19) (8,4) (9,6) (10,22) (12,2) (13,5) (13,10) (13,23) (15,13) (15,24) (16,8) (16,9) (16,20) (17,15) (18,7) (21,16) (22,0) 
# pairs of queens attacking each other: 18

Solution: (0,1) (1,12) (1,18) (2,14) (2,21) (3,3) (4,17) (5,11) (6,19) (8,4) (9,6) (10,22) (12,2) (13,10) (13,23) (15,13) (15,24) (16,8) (16,9) (16,20) (17,15) (18,7) (21,16) (22,0) (24,5) 
# pairs of queens attacking each other: 16

Solution: (0,1) (1,12) (1,18) (2,14) (2,21) (3,3) (4,17) (5,11) (6,19) (8,4) (10,22) (12,2) (13,10) (13,23) (15,13) (15,24) (16,8) (16,9) (16,20) (17,15) (18,7) (20,6) (21,16) (22,0) (24,5) 
# pairs of queens attacking each other: 15

Solution: (0,1) (1,12) (1,18) (2,14) (2,21) (3,3) (4,17) (5,11) (6,19) (8,4) (10,22) (12,2) (13,10) (13,23) (15,13) (15,24) (16,8) (16,9) (16,20) (17,15) (20,6) (21,16) (22,0) (23,7) (24,5) 
# pairs of queens attacking each other: 14

Solution: (0,1) (1,12) (1,18) (2,14) (2,21) (3,3) (4,17) (5,11) (6,19) (8,4) (9,8) (10,22) (12,2) (13,10) (13,23) (15,13) (15,24) (16,9) (16,20) (17,15) (20,6) (21,16) (22,0) (23,7) (24,5) 
# pairs of queens attacking each other: 13

Solution: (0,1) (1,12) (1,18) (2,14) (2,21) (3,3) (4,17) (5,11) (6,19) (8,4) (9,8) (10,22) (12,2) (13,10) (13,23) (15,13) (15,24) (16,20) (17,15) (18,9) (20,6) (21,16) (22,0) (23,7) (24,5) 
# pairs of queens attacking each other: 11

Solution: (0,1) (1,12) (1,18) (2,14) (2,21) (3,3) (4,17) (5,10) (5,11) (6,19) (8,4) (9,8) (10,22) (12,2) (13,23) (15,13) (15,24) (16,20) (17,15) (18,9) (20,6) (21,16) (22,0) (23,7) (24,5) 
# pairs of queens attacking each other: 10

Solution: (0,1) (1,12) (1,18) (2,14) (2,21) (3,3) (4,17) (5,10) (6,19) (7,11) (8,4) (9,8) (10,22) (12,2) (13,23) (15,13) (15,24) (16,20) (17,15) (18,9) (20,6) (21,16) (22,0) (23,7) (24,5) 
# pairs of queens attacking each other: 9

Solution: (0,1) (1,18) (2,14) (2,21) (3,3) (4,17) (5,10) (6,19) (7,11) (8,4) (9,8) (10,22) (12,2) (13,23) (15,13) (15,24) (16,20) (17,15) (18,9) (19,12) (20,6) (21,16) (22,0) (23,7) (24,5) 
# pairs of queens attacking each other: 8

Solution: (0,1) (1,18) (2,14) (2,21) (3,3) (4,17) (5,10) (6,19) (7,11) (8,4) (9,8) (10,22) (11,13) (12,2) (13,23) (15,24) (16,20) (17,15) (18,9) (19,12) (20,6) (21,16) (22,0) (23,7) (24,5) 
# pairs of queens attacking each other: 6

Solution: (0,1) (1,18) (2,21) (3,3) (4,17) (5,10) (6,14) (6,19) (7,11) (8,4) (9,8) (10,22) (11,13) (12,2) (13,23) (15,24) (16,20) (17,15) (18,9) (19,12) (20,6) (21,16) (22,0) (23,7) (24,5) 
# pairs of queens attacking each other: 5

Solution: (0,1) (1,18) (2,21) (3,3) (4,17) (5,10) (6,14) (6,19) (7,11) (8,4) (9,8) (10,22) (11,13) (12,2) (13,23) (15,24) (16,20) (17,15) (18,9) (19,12) (20,6) (21,16) (22,0) (23,7) (24,5) 
# pairs of queens attacking each other: 5


Solution: (0,1) (1,18) (2,21) (3,3) (4,17) (5,10) (6,14) (6,19) (7,11) (8,4) (9,8) (10,22) (11,13) (12,2) (13,23) (15,24) (16,20) (17,15) (18,9) (19,12) (20,6) (21,16) (22,0) (23,7) (24,5) 
# pairs of queens attacking each other: 5


Solution: (0,1) (1,18) (2,21) (3,3) (4,17) (5,10) (6,14) (6,19) (7,11) (8,4) (9,8) (10,22) (11,13) (12,2) (13,23) (15,24) (16,20) (17,15) (18,9) (19,12) (20,6) (21,16) (22,0) (23,7) (24,5) 
# pairs of queens attacking each other: 5


Solution: (0,1) (1,18) (2,21) (3,3) (4,17) (5,10) (6,14) (6,19) (7,11) (8,4) (9,8) (10,22) (11,13) (12,2) (13,23) (15,24) (16,20) (17,15) (18,9) (19,12) (20,6) (21,16) (22,0) (23,7) (24,5) 
# pairs of queens attacking each other: 5


Solution: (0,1) (1,18) (2,21) (3,3) (4,17) (5,10) (6,14) (7,11) (8,4) (9,8) (10,22) (11,13) (12,2) (13,23) (14,19) (15,24) (16,20) (17,15) (18,9) (19,12) (20,6) (21,16) (22,0) (23,7) (24,5) 
# pairs of queens attacking each other: 4

Solution: (0,1) (1,18) (2,21) (3,3) (4,17) (5,10) (5,20) (6,14) (7,11) (8,4) (9,8) (10,22) (11,13) (12,2) (13,23) (14,19) (15,24) (17,15) (18,9) (19,12) (20,6) (21,16) (22,0) (23,7) (24,5) 
# pairs of queens attacking each other: 3

Solution: (0,1) (1,18) (2,21) (3,3) (4,17) (5,10) (5,20) (6,14) (7,11) (8,4) (9,8) (10,22) (11,13) (12,2) (13,23) (14,19) (15,24) (17,15) (18,9) (19,12) (20,6) (21,16) (22,0) (23,7) (24,5) 
# pairs of queens attacking each other: 3


Solution: (0,1) (1,18) (2,21) (3,3) (4,17) (5,10) (5,20) (6,14) (7,11) (8,4) (9,8) (11,13) (12,2) (13,23) (14,19) (15,24) (16,22) (17,15) (18,9) (19,12) (20,6) (21,16) (22,0) (23,7) (24,5) 
# pairs of queens attacking each other: 2

Solution: (0,1) (1,18) (2,21) (3,3) (4,17) (5,10) (5,20) (6,14) (7,11) (8,4) (9,8) (11,13) (12,2) (13,23) (14,19) (15,24) (16,22) (17,15) (18,9) (19,12) (20,6) (21,16) (22,0) (23,7) (24,5) 
# pairs of queens attacking each other: 2


Solution: (0,1) (1,18) (2,21) (3,3) (4,17) (5,10) (5,20) (6,14) (7,11) (8,4) (9,8) (11,13) (12,2) (13,23) (14,19) (15,24) (16,22) (17,15) (18,9) (19,12) (20,6) (21,16) (22,0) (23,7) (24,5) 
# pairs of queens attacking each other: 2

Done in 1 restarts.
Run Time: 1.729 seconds
Queens: 25
Solution: (0,6) (0,8) (1,5) (2,11) (5,23) (6,3) (6,9) (7,24) (8,2) (10,21) (11,12) (12,7) (13,13) (13,17) (14,18) (16,19) (17,0) (18,22) (19,10) (19,15) (20,16) (23,1) (23,14) (24,4) (24,20) 
# pairs of queens attacking each other: 16

Solution: (0,6) (0,8) (1,5) (2,11) (3,1) (5,23) (6,3) (6,9) (7,24) (8,2) (10,21) (11,12) (12,7) (13,13) (13,17) (14,18) (16,19) (17,0) (18,22) (19,10) (19,15) (20,16) (23,14) (24,4) (24,20) 
# pairs of queens attacking each other: 15

Solution: (0,6) (0,8) (1,5) (2,11) (3,1) (5,23) (6,3) (6,9) (7,24) (8,2) (10,21) (11,12) (12,7) (13,13) (13,17) (14,18) (16,19) (17,0) (18,22) (19,10) (19,15) (20,16) (23,14) (24,4) (24,20) 
# pairs of queens attacking each other: 15


Solution: (0,6) (0,8) (1,5) (2,11) (3,1) (4,3) (5,23) (6,9) (7,24) (8,2) (10,21) (11,12) (12,7) (13,13) (13,17) (14,18) (16,19) (17,0) (18,22) (19,10) (19,15) (20,16) (23,14) (24,4) (24,20) 
# pairs of queens attacking each other: 14

Solution: (0,6) (0,8) (1,5) (2,11) (3,1) (4,3) (5,23) (6,9) (7,4) (7,24) (8,2) (10,21) (11,12) (12,7) (13,13) (13,17) (14,18) (16,19) (17,0) (18,22) (19,10) (19,15) (20,16) (23,14) (24,20) 
# pairs of queens attacking each other: 13

Solution: (0,6) (0,8) (2,11) (3,1) (4,3) (5,23) (6,9) (7,4) (7,24) (8,2) (10,21) (11,12) (12,7) (13,13) (13,17) (14,18) (15,5) (16,19) (17,0) (18,22) (19,10) (19,15) (20,16) (23,14) (24,20) 
# pairs of queens attacking each other: 11

Solution: (0,8) (2,11) (3,1) (4,3) (5,23) (6,9) (7,4) (7,24) (8,2) (10,21) (11,12) (12,7) (13,13) (13,17) (14,18) (15,5) (16,19) (17,0) (18,22) (19,10) (19,15) (20,16) (21,6) (23,14) (24,20) 
# pairs of queens attacking each other: 10

Solution: (0,8) (2,11) (3,1) (4,3) (5,23) (6,9) (7,4) (7,24) (8,2) (10,21) (11,12) (12,7) (13,13) (13,17) (14,18) (15,5) (16,19) (17,0) (18,22) (19,10) (19,15) (20,16) (21,6) (23,14) (24,20) 
# pairs of queens attacking each other: 10


Solution: (0,8) (2,11) (3,1) (4,3) (5,23) (6,9) (7,4) (7,24) (8,2) (10,21) (11,12) (12,7) (13,13) (13,17) (14,18) (15,5) (16,19) (17,0) (18,22) (19,10) (19,15) (20,16) (21,6) (23,14) (24,20) 
# pairs of queens attacking each other: 10


Solution: (0,8) (2,11) (3,1) (4,3) (5,23) (6,9) (7,4) (7,24) (8,2) (10,21) (11,12) (12,7) (13,13) (13,17) (14,18) (15,5) (16,19) (17,0) (18,22) (19,10) (19,15) (20,16) (21,6) (23,14) (24,20) 
# pairs of queens attacking each other: 10


Solution: (0,8) (2,11) (3,1) (4,3) (4,10) (5,23) (6,9) (7,4) (7,24) (8,2) (10,21) (11,12) (12,7) (13,13) (13,17) (14,18) (15,5) (16,19) (17,0) (18,22) (19,15) (20,16) (21,6) (23,14) (24,20) 
# pairs of queens attacking each other: 9

Solution: (0,8) (2,11) (3,1) (4,3) (4,10) (5,23) (6,9) (7,4) (7,24) (8,2) (10,21) (11,12) (12,7) (13,13) (13,17) (14,18) (15,5) (16,19) (17,0) (18,22) (19,15) (20,16) (21,6) (23,14) (24,20) 
# pairs of queens attacking each other: 9


Solution: (0,8) (2,11) (3,1) (4,3) (4,10) (5,23) (6,9) (7,4) (7,24) (8,2) (10,21) (11,12) (12,7) (13,13) (13,17) (14,18) (15,5) (16,19) (17,0) (18,22) (19,15) (20,16) (21,6) (23,14) (24,20) 
# pairs of queens attacking each other: 9


Solution: (0,8) (2,11) (3,1) (4,3) (4,10) (5,23) (6,9) (7,4) (7,24) (8,2) (10,21) (11,12) (12,7) (13,13) (13,17) (14,18) (15,5) (16,19) (17,0) (18,22) (19,15) (20,16) (21,6) (23,14) (24,20) 
# pairs of queens attacking each other: 9


Solution: (0,8) (2,11) (3,1) (4,3) (4,10) (5,23) (6,9) (7,4) (7,24) (8,2) (10,21) (11,12) (12,7) (13,13) (13,17) (14,18) (15,5) (16,19) (17,0) (18,22) (19,15) (20,16) (21,6) (23,14) (24,20) 
# pairs of queens attacking each other: 9


Solution: (0,8) (1,15) (2,11) (3,1) (4,3) (4,10) (5,23) (6,9) (7,4) (7,24) (8,2) (10,21) (11,12) (12,7) (13,13) (13,17) (14,18) (15,5) (16,19) (17,0) (18,22) (20,16) (21,6) (23,14) (24,20) 
# pairs of queens attacking each other: 8

Solution: (0,8) (1,15) (2,11) (3,1) (4,3) (4,10) (5,23) (6,9) (7,4) (7,24) (8,2) (9,16) (10,21) (11,12) (12,7) (13,13) (13,17) (14,18) (15,5) (16,19) (17,0) (18,22) (21,6) (23,14) (24,20) 
# pairs of queens attacking each other: 7

Solution: (0,8) (1,15) (1,17) (2,11) (3,1) (4,3) (4,10) (5,23) (6,9) (7,4) (7,24) (8,2) (9,16) (10,21) (11,12) (12,7) (13,13) (14,18) (15,5) (16,19) (17,0) (18,22) (21,6) (23,14) (24,20) 
# pairs of queens attacking each other: 6

Solution: (0,8) (1,15) (1,17) (2,11) (3,1) (4,3) (4,10) (5,23) (6,9) (7,4) (7,24) (8,2) (9,16) (10,21) (11,12) (12,7) (13,13) (14,18) (15,5) (16,19) (17,0) (18,22) (21,6) (23,14) (24,20) 
# pairs of queens attacking each other: 6


Solution: (0,8) (1,15) (1,17) (2,11) (3,1) (4,3) (4,10) (5,23) (6,9) (7,4) (7,24) (8,2) (9,16) (10,21) (11,12) (12,7) (13,13) (14,18) (15,5) (16,19) (17,0) (18,22) (21,6) (23,14) (24,20) 
# pairs of queens attacking each other: 6


Solution: (0,8) (1,15) (1,17) (2,11) (3,1) (4,3) (4,10) (5,23) (6,9) (7,4) (7,24) (8,2) (9,16) (10,21) (11,12) (12,7) (13,13) (14,18) (15,5) (16,19) (17,0) (18,22) (21,6) (23,14) (24,20) 
# pairs of queens attacking each other: 6


Solution: (0,8) (1,15) (1,17) (2,11) (3,1) (4,3) (4,10) (5,23) (6,9) (7,4) (7,24) (8,2) (9,16) (10,21) (11,12) (12,7) (13,13) (14,18) (15,5) (16,19) (17,0) (18,22) (21,6) (23,14) (24,20) 
# pairs of queens attacking each other: 6


Solution: (0,8) (1,15) (1,17) (2,11) (3,1) (4,3) (4,10) (5,23) (6,9) (7,4) (7,24) (8,2) (9,16) (10,21) (11,12) (12,7) (13,13) (14,18) (15,5) (16,19) (17,0) (20,22) (21,6) (23,14) (24,20) 
# pairs of queens attacking each other: 5

Solution: (0,8) (1,15) (1,17) (2,11) (3,1) (4,3) (4,10) (5,23) (6,9) (7,4) (7,24) (8,2) (9,16) (10,21) (11,12) (12,7) (13,13) (14,18) (15,5) (16,19) (17,0) (20,22) (21,6) (23,14) (24,20) 
# pairs of queens attacking each other: 5


Solution: (0,8) (1,15) (1,17) (2,11) (3,1) (4,3) (4,10) (5,23) (6,9) (7,4) (8,2) (9,16) (10,21) (11,12) (12,7) (13,13) (14,18) (15,5) (16,19) (17,0) (19,24) (20,22) (21,6) (23,14) (24,20) 
# pairs of queens attacking each other: 3
Done in 2 restarts.
Run Time: 2.574 seconds
Queens: 25
Solution: (0,4) (0,11) (0,22) (1,19) (2,1) (2,10) (2,13) (2,18) (3,23) (5,5) (7,17) (10,24) (12,6) (12,15) (14,16) (15,21) (16,0) (18,3) (20,8) (20,9) (21,2) (21,20) (22,7) (23,12) (23,14) 
# pairs of queens attacking each other: 15


Solution: (0,4) (0,11) (0,22) (1,19) (2,10) (2,13) (2,18) (3,23) (4,1) (5,5) (7,17) (10,24) (12,6) (12,15) (14,16) (15,21) (16,0) (18,3) (20,8) (20,9) (21,2) (21,20) (22,7) (23,12) (23,14) 
# pairs of queens attacking each other: 13

Solution: (0,4) (0,11) (0,22) (1,19) (2,10) (2,13) (2,18) (3,23) (4,1) (5,5) (6,2) (7,17) (10,24) (12,6) (12,15) (14,16) (15,21) (16,0) (18,3) (20,8) (20,9) (21,20) (22,7) (23,12) (23,14) 
# pairs of queens attacking each other: 12

Solution: (0,4) (0,11) (0,22) (1,19) (2,10) (2,13) (2,18) (3,23) (4,1) (5,5) (6,2) (7,17) (10,24) (11,3) (12,6) (12,15) (14,16) (15,21) (16,0) (20,8) (20,9) (21,20) (22,7) (23,12) (23,14) 
# pairs of queens attacking each other: 11

Solution: (0,11) (0,22) (1,19) (2,10) (2,13) (2,18) (3,23) (4,1) (5,5) (6,2) (7,17) (9,4) (10,24) (11,3) (12,6) (12,15) (14,16) (15,21) (16,0) (20,8) (20,9) (21,20) (22,7) (23,12) (23,14) 
# pairs of queens attacking each other: 10

Solution: (0,11) (0,22) (1,19) (2,10) (2,13) (2,18) (3,23) (4,1) (5,5) (6,2) (7,17) (9,4) (10,24) (11,3) (12,6) (12,15) (14,16) (15,21) (16,0) (20,8) (20,9) (21,20) (22,7) (23,12) (23,14) 
# pairs of queens attacking each other: 10


Solution: (0,11) (0,22) (1,19) (2,10) (2,13) (2,18) (3,23) (4,1) (5,5) (6,2) (7,17) (9,4) (10,24) (11,3) (12,15) (13,6) (14,16) (15,21) (16,0) (20,8) (20,9) (21,20) (22,7) (23,12) (23,14) 
# pairs of queens attacking each other: 9

Solution: (0,11) (0,22) (1,19) (2,10) (2,13) (2,18) (3,23) (4,1) (5,5) (6,2) (7,17) (9,4) (10,24) (11,3) (12,15) (13,6) (14,16) (15,21) (16,0) (20,8) (20,9) (21,20) (23,12) (23,14) (24,7) 
# pairs of queens attacking each other: 8

Solution: (0,11) (0,22) (1,19) (2,10) (2,13) (2,18) (3,23) (4,1) (5,5) (6,2) (7,17) (9,4) (10,24) (11,3) (12,15) (13,6) (14,16) (15,21) (16,0) (20,8) (20,9) (21,20) (23,12) (23,14) (24,7) 
# pairs of queens attacking each other: 8


Solution: (0,11) (0,22) (1,19) (2,10) (2,13) (2,18) (3,23) (4,1) (5,5) (6,2) (7,17) (8,9) (9,4) (10,24) (11,3) (12,15) (13,6) (14,16) (15,21) (16,0) (20,8) (21,20) (23,12) (23,14) (24,7) 
# pairs of queens attacking each other: 6

Solution: (0,11) (0,22) (1,19) (2,10) (2,13) (2,18) (3,23) (4,1) (5,5) (6,2) (7,17) (8,9) (9,4) (10,24) (11,3) (12,15) (13,6) (14,16) (15,21) (16,0) (20,8) (21,20) (23,12) (23,14) (24,7) 
# pairs of queens attacking each other: 6


Solution: (0,22) (1,19) (2,10) (2,13) (2,18) (3,23) (4,1) (5,5) (6,2) (7,11) (7,17) (8,9) (9,4) (10,24) (11,3) (12,15) (13,6) (14,16) (15,21) (16,0) (20,8) (21,20) (23,12) (23,14) (24,7) 
# pairs of queens attacking each other: 5

Solution: (0,22) (1,19) (2,10) (2,13) (2,18) (3,23) (4,1) (5,5) (6,2) (7,11) (7,17) (8,9) (9,4) (10,24) (11,3) (12,15) (13,6) (14,16) (15,21) (16,0) (20,8) (21,20) (23,12) (23,14) (24,7) 
# pairs of queens attacking each other: 5


Solution: (0,22) (1,19) (2,10) (2,18) (3,23) (4,1) (5,5) (6,2) (7,11) (7,17) (8,9) (9,4) (10,24) (11,3) (12,15) (13,6) (14,16) (15,21) (16,0) (19,13) (20,8) (21,20) (23,12) (23,14) (24,7) 
# pairs of queens attacking each other: 4

Solution: (0,22) (1,19) (2,10) (2,18) (3,23) (4,1) (5,5) (6,2) (7,11) (7,17) (8,9) (9,4) (10,24) (11,3) (12,15) (13,6) (14,16) (15,21) (16,0) (19,13) (20,8) (21,20) (23,12) (23,14) (24,7) 
# pairs of queens attacking each other: 4


Solution: (0,22) (1,19) (2,10) (2,18) (3,23) (4,1) (5,5) (6,2) (7,11) (7,17) (8,9) (9,4) (10,24) (11,3) (12,15) (13,6) (14,16) (15,21) (16,0) (19,13) (20,8) (21,20) (23,12) (23,14) (24,7) 
# pairs of queens attacking each other: 4


Solution: (0,22) (1,19) (2,10) (2,18) (3,23) (4,1) (5,5) (6,2) (7,11) (7,17) (8,9) (9,4) (10,24) (11,3) (12,15) (13,6) (14,16) (15,21) (16,0) (19,13) (20,8) (21,20) (23,12) (23,14) (24,7) 
# pairs of queens attacking each other: 4


Solution: (0,22) (1,19) (2,10) (2,18) (3,23) (4,1) (5,5) (6,2) (7,11) (7,17) (8,9) (9,4) (10,24) (11,3) (12,15) (13,6) (14,16) (15,21) (16,0) (19,13) (20,8) (21,20) (23,12) (23,14) (24,7) 
# pairs of queens attacking each other: 4


Solution: (0,22) (1,19) (2,10) (3,18) (3,23) (4,1) (5,5) (6,2) (7,11) (7,17) (8,9) (9,4) (10,24) (11,3) (12,15) (13,6) (14,16) (15,21) (16,0) (19,13) (20,8) (21,20) (23,12) (23,14) (24,7) 
# pairs of queens attacking each other: 3

Solution: (0,22) (1,19) (2,10) (3,18) (3,23) (4,1) (5,5) (6,2) (7,11) (7,17) (8,9) (9,4) (10,24) (11,3) (12,15) (13,6) (14,16) (15,21) (16,0) (19,13) (20,8) (21,20) (23,12) (23,14) (24,7) 
# pairs of queens attacking each other: 3


Solution: (0,22) (1,19) (2,10) (3,18) (3,23) (4,1) (5,5) (6,2) (7,11) (7,17) (8,9) (9,4) (10,24) (11,3) (12,15) (13,6) (14,16) (15,21) (16,0) (19,13) (20,8) (21,20) (23,12) (23,14) (24,7) 
# pairs of queens attacking each other: 3


Solution: (0,22) (1,19) (2,10) (3,18) (3,23) (4,1) (5,5) (6,2) (7,11) (7,17) (8,9) (9,4) (10,24) (11,3) (12,15) (13,6) (14,16) (15,21) (16,0) (19,13) (20,8) (21,20) (23,12) (23,14) (24,7) 
# pairs of queens attacking each other: 3


Solution: (0,22) (1,19) (2,10) (3,18) (3,23) (4,1) (5,5) (6,2) (7,11) (7,17) (8,9) (9,4) (10,24) (11,3) (12,15) (13,6) (14,16) (15,21) (16,0) (19,13) (20,8) (21,20) (23,12) (23,14) (24,7) 
# pairs of queens attacking each other: 3


Solution: (0,22) (1,19) (2,10) (3,18) (3,23) (4,1) (5,5) (6,2) (7,11) (7,17) (8,9) (9,4) (10,24) (11,3) (12,15) (13,6) (14,16) (15,21) (16,0) (19,13) (20,8) (21,20) (23,12) (23,14) (24,7) 
# pairs of queens attacking each other: 3


Solution: (0,22) (1,19) (2,10) (3,18) (3,23) (4,1) (5,5) (6,2) (7,11) (7,17) (8,9) (9,4) (10,24) (11,3) (12,15) (13,6) (14,16) (15,21) (16,0) (19,13) (20,8) (21,20) (23,12) (23,14) (24,7) 
# pairs of queens attacking each other: 3

Done in 3 restarts.
Run Time: 3.421 seconds
Queens: 25
Solution: (0,22) (1,18) (1,20) (3,1) (5,0) (6,4) (6,15) (8,9) (9,11) (10,6) (10,17) (11,8) (11,12) (11,13) (11,19) (13,10) (15,21) (16,2) (16,14) (17,5) (19,7) (19,23) (20,3) (24,16) (24,24) 
# pairs of queens attacking each other: 21

Solution: (0,22) (1,18) (1,20) (2,1) (5,0) (6,4) (6,15) (8,9) (9,11) (10,6) (10,17) (11,8) (11,12) (11,13) (11,19) (13,10) (15,21) (16,2) (16,14) (17,5) (19,7) (19,23) (20,3) (24,16) (24,24) 
# pairs of queens attacking each other: 20

Solution: (0,22) (1,18) (1,20) (2,1) (5,0) (6,4) (6,15) (8,9) (9,11) (10,6) (10,17) (11,8) (11,12) (11,13) (11,19) (12,2) (13,10) (15,21) (16,14) (17,5) (19,7) (19,23) (20,3) (24,16) (24,24) 
# pairs of queens attacking each other: 19

Solution: (0,22) (1,18) (1,20) (2,1) (5,0) (6,4) (6,15) (8,9) (9,11) (10,6) (10,17) (11,8) (11,12) (11,13) (11,19) (12,2) (13,10) (15,21) (16,14) (17,5) (19,7) (19,23) (22,3) (24,16) (24,24) 
# pairs of queens attacking each other: 18

Solution: (0,22) (1,18) (1,20) (2,1) (3,4) (5,0) (6,15) (8,9) (9,11) (10,6) (10,17) (11,8) (11,12) (11,13) (11,19) (12,2) (13,10) (15,21) (16,14) (17,5) (19,7) (19,23) (22,3) (24,16) (24,24) 
# pairs of queens attacking each other: 17

Solution: (0,22) (1,18) (1,20) (2,1) (3,4) (5,0) (6,15) (8,9) (9,11) (10,6) (10,17) (11,8) (11,12) (11,13) (11,19) (12,2) (13,10) (15,21) (16,14) (19,7) (19,23) (22,3) (23,5) (24,16) (24,24) 
# pairs of queens attacking each other: 15

Solution: (0,22) (1,18) (1,20) (2,1) (3,4) (5,0) (6,15) (8,9) (9,11) (10,6) (10,17) (11,8) (11,12) (11,13) (11,19) (12,2) (13,10) (15,21) (16,14) (19,7) (19,23) (22,3) (23,5) (24,16) (24,24) 
# pairs of queens attacking each other: 15


Solution: (0,22) (1,18) (1,20) (2,1) (3,4) (4,7) (5,0) (6,15) (8,9) (9,11) (10,6) (10,17) (11,8) (11,12) (11,13) (11,19) (12,2) (13,10) (15,21) (16,14) (19,23) (22,3) (23,5) (24,16) (24,24) 
# pairs of queens attacking each other: 14

Solution: (0,22) (1,18) (1,20) (2,1) (3,4) (4,7) (5,0) (6,15) (8,9) (9,11) (10,6) (10,17) (11,12) (11,13) (11,19) (12,2) (13,10) (15,21) (16,14) (19,23) (21,8) (22,3) (23,5) (24,16) (24,24) 
# pairs of queens attacking each other: 11

Solution: (0,22) (1,18) (1,20) (2,1) (3,4) (4,7) (5,0) (6,15) (8,9) (9,11) (10,6) (10,17) (11,12) (11,13) (11,19) (12,2) (13,10) (15,21) (16,14) (19,23) (21,8) (22,3) (23,5) (24,16) (24,24) 
# pairs of queens attacking each other: 11


Solution: (0,22) (1,18) (1,20) (2,1) (3,4) (4,7) (5,0) (6,15) (8,9) (9,11) (10,6) (10,17) (11,12) (11,13) (11,19) (12,2) (13,10) (15,21) (16,14) (19,23) (21,8) (22,3) (23,5) (24,16) (24,24) 
# pairs of queens attacking each other: 11


Solution: (0,22) (1,18) (1,20) (2,1) (3,4) (4,7) (5,0) (6,15) (8,9) (10,6) (10,17) (11,12) (11,13) (11,19) (12,2) (13,10) (15,21) (16,14) (19,23) (20,11) (21,8) (22,3) (23,5) (24,16) (24,24) 
# pairs of queens attacking each other: 10

Solution: (0,12) (0,22) (1,18) (1,20) (2,1) (3,4) (4,7) (5,0) (6,15) (8,9) (10,6) (10,17) (11,13) (11,19) (12,2) (13,10) (15,21) (16,14) (19,23) (20,11) (21,8) (22,3) (23,5) (24,16) (24,24) 
# pairs of queens attacking each other: 8

Solution: (0,12) (0,22) (1,18) (1,20) (2,1) (3,4) (4,7) (5,0) (6,15) (8,9) (10,6) (10,17) (11,13) (11,19) (12,2) (13,10) (15,21) (16,14) (19,23) (20,11) (21,8) (22,3) (23,5) (24,16) (24,24) 
# pairs of queens attacking each other: 8


Solution: (0,12) (0,22) (1,18) (1,20) (2,1) (3,4) (4,7) (5,0) (6,15) (8,9) (10,6) (10,17) (11,13) (11,19) (12,2) (13,10) (15,21) (16,14) (19,23) (20,11) (21,8) (22,3) (23,5) (24,16) (24,24) 
# pairs of queens attacking each other: 8


Solution: (0,12) (0,22) (1,18) (1,20) (2,1) (3,4) (4,7) (5,0) (6,15) (8,9) (10,6) (10,17) (11,13) (11,19) (12,2) (13,10) (15,21) (16,14) (19,23) (20,11) (21,8) (22,3) (23,5) (24,16) (24,24) 
# pairs of queens attacking each other: 8


Solution: (0,12) (0,22) (1,18) (1,20) (2,1) (3,4) (4,7) (5,0) (6,15) (8,9) (10,6) (10,17) (11,13) (11,19) (12,2) (13,10) (15,21) (16,14) (19,23) (20,11) (21,8) (22,3) (23,5) (24,16) (24,24) 
# pairs of queens attacking each other: 8


Solution: (0,12) (0,22) (1,18) (1,20) (2,1) (3,4) (4,7) (5,0) (6,15) (8,9) (10,6) (10,17) (11,13) (11,19) (12,2) (13,10) (15,21) (16,14) (19,23) (20,11) (21,8) (22,3) (23,5) (24,16) (24,24) 
# pairs of queens attacking each other: 8


Solution: (0,12) (0,22) (1,18) (1,20) (2,1) (3,4) (4,7) (5,0) (6,15) (8,9) (10,6) (10,17) (11,13) (11,19) (12,2) (13,10) (15,21) (16,14) (19,23) (20,11) (21,8) (22,3) (23,5) (24,16) (24,24) 
# pairs of queens attacking each other: 8


Solution: (0,12) (0,22) (1,18) (1,20) (2,1) (3,4) (4,7) (5,0) (6,15) (8,9) (10,6) (10,17) (11,13) (12,2) (13,10) (14,19) (15,21) (16,14) (19,23) (20,11) (21,8) (22,3) (23,5) (24,16) (24,24) 
# pairs of queens attacking each other: 6

Solution: (0,12) (0,20) (0,22) (1,18) (2,1) (3,4) (4,7) (5,0) (6,15) (8,9) (10,6) (10,17) (11,13) (12,2) (13,10) (14,19) (15,21) (16,14) (19,23) (20,11) (21,8) (22,3) (23,5) (24,16) (24,24) 
# pairs of queens attacking each other: 5

Solution: (0,12) (0,20) (0,22) (1,18) (2,1) (3,4) (4,7) (5,0) (6,15) (8,9) (10,6) (10,17) (11,13) (12,2) (13,10) (14,19) (15,21) (16,14) (19,23) (20,11) (21,8) (22,3) (23,5) (24,16) (24,24) 
# pairs of queens attacking each other: 5


Solution: (0,12) (0,20) (0,22) (1,18) (2,1) (3,4) (4,7) (5,0) (6,15) (8,9) (10,6) (10,17) (11,13) (12,2) (13,10) (14,19) (15,21) (16,14) (19,23) (20,11) (21,8) (22,3) (23,5) (24,16) (24,24) 
# pairs of queens attacking each other: 5


Solution: (0,12) (0,20) (0,22) (1,18) (2,1) (3,4) (4,7) (5,0) (6,15) (8,9) (10,6) (10,17) (11,13) (12,2) (13,10) (14,19) (15,21) (16,14) (19,23) (20,11) (21,8) (22,3) (23,5) (24,16) (24,24) 
# pairs of queens attacking each other: 5


Solution: (0,12) (0,20) (0,22) (1,18) (2,1) (3,4) (4,7) (5,0) (6,15) (8,9) (10,6) (10,17) (11,13) (12,2) (13,10) (14,19) (15,21) (16,14) (19,23) (20,11) (21,8) (22,3) (23,5) (24,16) (24,24) 
# pairs of queens attacking each other: 5

Done in 4 restarts.
Run Time: 4.299 seconds
Queens: 25
Solution: (0,2) (0,18) (1,8) (2,6) (2,7) (2,10) (3,9) (3,12) (4,0) (5,22) (7,4) (7,11) (7,21) (8,15) (10,3) (10,16) (13,20) (16,14) (16,17) (19,1) (19,13) (22,5) (22,19) (24,23) (24,24) 
# pairs of queens attacking each other: 21

Solution: (0,2) (0,18) (1,8) (2,6) (2,7) (2,10) (3,9) (3,12) (4,0) (5,22) (6,1) (7,4) (7,11) (7,21) (8,15) (10,3) (10,16) (13,20) (16,14) (16,17) (19,13) (22,5) (22,19) (24,23) (24,24) 
# pairs of queens attacking each other: 20

Solution: (0,18) (1,8) (2,6) (2,7) (2,10) (3,9) (3,12) (4,0) (5,22) (6,1) (7,4) (7,11) (7,21) (8,15) (10,3) (10,16) (12,2) (13,20) (16,14) (16,17) (19,13) (22,5) (22,19) (24,23) (24,24) 
# pairs of queens attacking each other: 19

Solution: (0,18) (1,8) (2,6) (2,7) (2,10) (3,9) (3,12) (4,0) (5,22) (6,1) (7,4) (7,11) (7,21) (8,15) (10,16) (12,2) (13,20) (14,3) (16,14) (16,17) (19,13) (22,5) (22,19) (24,23) (24,24) 
# pairs of queens attacking each other: 18

Solution: (0,18) (1,8) (2,6) (2,7) (2,10) (3,9) (3,12) (4,0) (5,22) (6,1) (7,11) (7,21) (8,15) (10,16) (12,2) (13,20) (14,3) (16,14) (16,17) (17,4) (19,13) (22,5) (22,19) (24,23) (24,24) 
# pairs of queens attacking each other: 16

Solution: (0,18) (1,8) (2,6) (2,7) (2,10) (3,9) (3,12) (4,0) (5,22) (6,1) (7,11) (7,21) (8,15) (10,16) (12,2) (13,20) (14,3) (16,14) (16,17) (17,4) (19,13) (20,5) (22,19) (24,23) (24,24) 
# pairs of queens attacking each other: 14

Solution: (0,18) (1,8) (2,7) (2,10) (3,9) (3,12) (4,0) (5,22) (6,1) (7,11) (7,21) (8,15) (10,16) (12,2) (13,20) (14,3) (16,14) (16,17) (17,4) (18,6) (19,13) (20,5) (22,19) (24,23) (24,24) 
# pairs of queens attacking each other: 12

Solution: (0,18) (1,8) (2,10) (3,9) (3,12) (4,0) (5,22) (6,1) (7,11) (7,21) (8,15) (10,16) (12,2) (13,20) (14,3) (15,7) (16,14) (16,17) (17,4) (18,6) (19,13) (20,5) (22,19) (24,23) (24,24) 
# pairs of queens attacking each other: 10

Solution: (0,18) (1,8) (2,10) (3,9) (3,12) (4,0) (5,22) (6,1) (7,11) (7,21) (8,15) (10,16) (12,2) (13,20) (14,3) (15,7) (16,14) (16,17) (17,4) (18,6) (19,13) (20,5) (22,19) (24,23) (24,24) 
# pairs of queens attacking each other: 10


Solution: (0,18) (1,8) (2,10) (3,12) (4,0) (4,9) (5,22) (6,1) (7,11) (7,21) (8,15) (10,16) (12,2) (13,20) (14,3) (15,7) (16,14) (16,17) (17,4) (18,6) (19,13) (20,5) (22,19) (24,23) (24,24) 
# pairs of queens attacking each other: 8

Solution: (0,18) (1,8) (2,10) (3,12) (4,0) (4,9) (5,22) (6,1) (7,11) (7,21) (8,15) (10,16) (12,2) (13,20) (14,3) (15,7) (16,14) (16,17) (17,4) (18,6) (19,13) (20,5) (22,19) (24,23) (24,24) 
# pairs of queens attacking each other: 8


Solution: (0,18) (1,8) (2,10) (3,12) (4,0) (4,9) (5,22) (6,1) (7,21) (8,15) (9,11) (10,16) (12,2) (13,20) (14,3) (15,7) (16,14) (16,17) (17,4) (18,6) (19,13) (20,5) (22,19) (24,23) (24,24) 
# pairs of queens attacking each other: 6

Solution: (0,18) (1,8) (2,10) (3,12) (4,0) (4,9) (5,22) (6,1) (7,21) (8,15) (9,11) (10,16) (12,2) (13,20) (14,3) (15,7) (16,14) (16,17) (17,4) (18,6) (19,13) (20,5) (22,19) (24,23) (24,24) 
# pairs of queens attacking each other: 6


Solution: (0,18) (1,8) (2,10) (3,12) (4,0) (4,9) (5,22) (6,1) (7,21) (8,15) (9,11) (10,16) (12,2) (13,20) (14,3) (15,7) (16,14) (16,17) (17,4) (18,6) (19,13) (20,5) (22,19) (24,23) (24,24) 
# pairs of queens attacking each other: 6


Solution: (0,18) (1,8) (2,10) (3,12) (4,0) (4,9) (5,22) (6,1) (7,21) (8,15) (9,11) (10,16) (12,2) (13,20) (14,3) (15,7) (16,17) (17,4) (18,6) (19,13) (20,5) (21,14) (22,19) (24,23) (24,24) 
# pairs of queens attacking each other: 5

Solution: (0,18) (1,8) (2,10) (3,12) (4,0) (4,9) (5,22) (6,1) (7,21) (8,15) (9,11) (10,16) (12,2) (13,20) (14,3) (15,7) (16,17) (17,4) (18,6) (19,13) (20,5) (21,14) (22,19) (24,23) (24,24) 
# pairs of queens attacking each other: 5


Solution: (0,18) (1,8) (2,10) (3,12) (4,0) (4,9) (5,22) (6,1) (7,21) (8,15) (9,11) (10,16) (12,2) (13,20) (14,3) (15,7) (16,17) (17,4) (18,6) (19,13) (20,5) (21,14) (22,19) (24,23) (24,24) 
# pairs of queens attacking each other: 5


Solution: (0,18) (1,8) (2,10) (3,12) (4,0) (4,9) (5,22) (6,1) (7,21) (8,15) (9,11) (10,16) (12,2) (13,20) (14,3) (15,7) (16,17) (17,4) (18,6) (19,13) (20,5) (21,14) (22,19) (24,23) (24,24) 
# pairs of queens attacking each other: 5


Solution: (0,18) (1,8) (2,10) (3,12) (4,0) (4,9) (5,22) (6,1) (7,21) (8,15) (9,11) (10,16) (12,2) (13,20) (14,3) (15,7) (16,17) (17,4) (18,6) (19,13) (20,5) (21,14) (22,19) (24,23) (24,24) 
# pairs of queens attacking each other: 5


Solution: (0,18) (1,8) (2,10) (3,12) (4,0) (4,9) (5,22) (6,1) (7,21) (8,15) (9,11) (10,16) (12,2) (13,20) (14,3) (15,7) (16,17) (17,4) (18,6) (19,13) (20,5) (21,14) (22,19) (24,23) (24,24) 
# pairs of queens attacking each other: 5


Solution: (0,18) (1,8) (2,10) (3,12) (4,0) (4,9) (5,22) (6,1) (7,21) (8,15) (9,11) (9,20) (10,16) (12,2) (14,3) (15,7) (16,17) (17,4) (18,6) (19,13) (20,5) (21,14) (22,19) (24,23) (24,24) 
# pairs of queens attacking each other: 4

Solution: (0,18) (1,8) (2,10) (3,12) (4,0) (4,9) (5,22) (6,1) (7,21) (8,15) (9,11) (9,20) (10,16) (12,2) (14,3) (15,7) (16,17) (17,4) (18,6) (19,13) (20,5) (21,14) (22,19) (24,23) (24,24) 
# pairs of queens attacking each other: 4


Solution: (0,18) (1,8) (2,10) (3,12) (4,0) (4,9) (5,22) (6,1) (7,21) (8,15) (9,11) (9,20) (10,16) (12,2) (14,3) (15,7) (16,17) (17,4) (18,6) (19,13) (20,5) (21,14) (22,19) (24,23) (24,24) 
# pairs of queens attacking each other: 4


Solution: (0,18) (1,8) (2,10) (3,12) (4,0) (4,9) (5,22) (6,1) (7,21) (8,15) (9,11) (9,20) (10,16) (11,23) (12,2) (14,3) (15,7) (16,17) (17,4) (18,6) (19,13) (20,5) (21,14) (22,19) (24,24) 
# pairs of queens attacking each other: 3

Solution: (0,18) (1,8) (2,10) (3,12) (4,0) (4,9) (5,22) (6,1) (7,21) (8,15) (9,11) (9,20) (10,16) (11,23) (12,2) (14,3) (15,7) (16,17) (17,4) (18,6) (19,13) (20,5) (21,14) (22,19) (24,24) 
# pairs of queens attacking each other: 3

Done in 5 restarts.
Run Time: 5.097 seconds
Queens: 25