
Solution: (1,2) (1,14) (2,19) (2,20) (4,11) (6,17) (9,1) (9,10) (9,24) (10,5) (11,8) (11,9) (11,21) (12,15) (12,22) (15,3) (15,16) (16,7) (17,0) (18,4) (18,18) (19,6) (19,12) (23,23) (24,13) 
# pairs of queens attacking each other: 20

Solution: (1,2) (1,14) (2,19) (2,20) (4,11) (5,1) (6,17) (9,10) (9,24) (10,5) (11,8) (11,9) (11,21) (12,15) (12,22) (15,3) (15,16) (16,7) (17,0) (18,4) (18,18) (19,6) (19,12) (23,23) (24,13) 
# pairs of queens attacking each other: 19

Solution: (0,2) (1,14) (2,19) (2,20) (4,11) (5,1) (6,17) (9,10) (9,24) (10,5) (11,8) (11,9) (11,21) (12,15) (12,22) (15,3) (15,16) (16,7) (17,0) (18,4) (18,18) (19,6) (19,12) (23,23) (24,13) 
# pairs of queens attacking each other: 17

Solution: (0,2) (1,14) (2,19) (2,20) (4,11) (5,1) (6,17) (9,10) (9,24) (10,5) (11,8) (11,9) (11,21) (12,15) (12,22) (13,3) (15,16) (16,7) (17,0) (18,4) (18,18) (19,6) (19,12) (23,23) (24,13) 
# pairs of queens attacking each other: 16

Solution: (0,2) (1,14) (2,19) (2,20) (4,11) (5,1) (6,17) (9,10) (9,24) (10,5) (11,8) (11,9) (11,21) (12,15) (12,22) (13,3) (15,16) (16,7) (17,0) (18,18) (19,6) (19,12) (20,4) (23,23) (24,13) 
# pairs of queens attacking each other: 14

Solution: (0,2) (1,14) (2,19) (2,20) (4,11) (5,1) (6,17) (9,10) (9,24) (10,5) (11,8) (11,9) (11,21) (12,15) (12,22) (13,3) (15,16) (16,7) (17,0) (18,18) (19,6) (19,12) (20,4) (23,23) (24,13) 
# pairs of queens attacking each other: 14


Solution: (0,2) (1,14) (2,19) (2,20) (4,11) (5,1) (6,17) (7,6) (9,10) (9,24) (10,5) (11,8) (11,9) (11,21) (12,15) (12,22) (13,3) (15,16) (16,7) (17,0) (18,18) (19,12) (20,4) (23,23) (24,13) 
# pairs of queens attacking each other: 13

Solution: (0,2) (1,14) (2,19) (2,20) (3,7) (4,11) (5,1) (6,17) (7,6) (9,10) (9,24) (10,5) (11,8) (11,9) (11,21) (12,15) (12,22) (13,3) (15,16) (17,0) (18,18) (19,12) (20,4) (23,23) (24,13) 
# pairs of queens attacking each other: 12

Solution: (0,2) (1,14) (2,19) (2,20) (3,7) (4,11) (5,1) (6,17) (7,6) (9,10) (9,24) (10,5) (11,9) (11,21) (12,15) (12,22) (13,3) (15,16) (17,0) (18,18) (19,12) (20,4) (21,8) (23,23) (24,13) 
# pairs of queens attacking each other: 10

Solution: (0,2) (1,14) (2,19) (2,20) (3,7) (4,11) (5,1) (6,17) (7,6) (9,10) (9,24) (10,5) (11,9) (11,21) (12,15) (12,22) (13,3) (15,16) (17,0) (18,18) (19,12) (20,4) (21,8) (23,23) (24,13) 
# pairs of queens attacking each other: 10


Solution: (0,2) (1,14) (2,19) (2,20) (3,7) (4,11) (5,1) (6,17) (7,6) (9,24) (10,5) (11,9) (11,21) (12,15) (12,22) (13,3) (15,16) (16,10) (17,0) (18,18) (19,12) (20,4) (21,8) (23,23) (24,13) 
# pairs of queens attacking each other: 8

Solution: (0,2) (1,14) (2,19) (2,20) (3,7) (5,1) (6,17) (7,6) (9,24) (10,5) (11,9) (11,21) (12,15) (12,22) (13,3) (14,11) (15,16) (16,10) (17,0) (18,18) (19,12) (20,4) (21,8) (23,23) (24,13) 
# pairs of queens attacking each other: 7

Solution: (0,2) (1,14) (2,19) (2,20) (3,7) (5,1) (6,17) (7,6) (9,24) (10,5) (11,9) (11,21) (12,15) (12,22) (13,3) (14,11) (15,16) (16,10) (17,0) (18,18) (19,12) (20,4) (21,8) (23,23) (24,13) 
# pairs of queens attacking each other: 7


Solution: (0,2) (1,14) (2,19) (2,20) (3,7) (5,1) (6,17) (7,6) (9,24) (10,5) (11,9) (11,21) (12,15) (12,22) (13,3) (14,11) (15,16) (16,10) (17,0) (18,18) (19,12) (20,4) (21,8) (23,23) (24,13) 
# pairs of queens attacking each other: 7


Solution: (0,2) (1,14) (2,19) (2,20) (3,7) (5,1) (6,17) (7,6) (9,24) (10,5) (11,9) (11,21) (12,15) (12,22) (13,3) (14,11) (15,16) (16,10) (17,0) (18,18) (19,12) (20,4) (21,8) (23,23) (24,13) 
# pairs of queens attacking each other: 7


Solution: (0,2) (1,14) (2,19) (2,20) (3,7) (5,1) (6,17) (7,6) (9,24) (10,5) (11,9) (11,21) (12,15) (12,22) (13,3) (14,11) (15,16) (16,10) (17,0) (18,18) (19,12) (20,4) (21,8) (23,23) (24,13) 
# pairs of queens attacking each other: 7


Solution: (0,2) (1,14) (2,19) (2,20) (3,7) (5,1) (6,17) (7,6) (9,24) (10,5) (11,9) (11,21) (12,15) (12,22) (13,3) (14,11) (15,16) (16,10) (17,0) (18,18) (19,12) (20,4) (21,8) (23,23) (24,13) 
# pairs of queens attacking each other: 7


Solution: (0,2) (1,14) (2,19) (2,20) (3,7) (5,1) (6,17) (7,6) (9,24) (10,5) (11,9) (11,21) (12,15) (12,22) (13,3) (14,11) (15,16) (16,10) (17,0) (18,18) (19,12) (20,4) (21,8) (23,23) (24,13) 
# pairs of queens attacking each other: 7


Solution: (0,2) (1,14) (2,19) (2,20) (3,7) (5,1) (6,17) (7,6) (9,24) (10,5) (11,9) (11,21) (12,15) (12,22) (13,3) (14,11) (15,16) (16,10) (17,0) (18,18) (19,12) (20,4) (21,8) (23,23) (24,13) 
# pairs of queens attacking each other: 7


Solution: (0,2) (1,14) (2,19) (2,20) (3,7) (5,1) (6,17) (7,6) (9,24) (10,5) (11,9) (11,21) (12,15) (12,22) (13,3) (14,11) (15,16) (16,10) (17,0) (18,18) (19,12) (20,4) (21,8) (23,23) (24,13) 
# pairs of queens attacking each other: 7


Solution: (0,2) (1,14) (2,19) (3,7) (5,1) (6,17) (7,6) (8,20) (9,24) (10,5) (11,9) (11,21) (12,15) (12,22) (13,3) (14,11) (15,16) (16,10) (17,0) (18,18) (19,12) (20,4) (21,8) (23,23) (24,13) 
# pairs of queens attacking each other: 6

Solution: (0,2) (1,14) (1,21) (2,19) (3,7) (5,1) (6,17) (7,6) (8,20) (9,24) (10,5) (11,9) (12,15) (12,22) (13,3) (14,11) (15,16) (16,10) (17,0) (18,18) (19,12) (20,4) (21,8) (23,23) (24,13) 
# pairs of queens attacking each other: 5

Solution: (0,2) (1,14) (1,21) (2,19) (3,7) (5,1) (6,17) (7,6) (8,20) (9,24) (10,5) (11,9) (12,15) (12,22) (13,3) (14,11) (15,16) (16,10) (17,0) (18,18) (19,12) (20,4) (21,8) (23,23) (24,13) 
# pairs of queens attacking each other: 5


Solution: (0,2) (1,14) (1,21) (2,19) (3,7) (5,1) (6,17) (7,6) (8,20) (9,24) (10,5) (11,9) (12,15) (12,22) (13,3) (14,11) (15,16) (16,10) (17,0) (18,18) (19,12) (20,4) (21,8) (23,23) (24,13) 
# pairs of queens attacking each other: 5


Solution: (0,2) (1,14) (1,21) (2,19) (3,7) (5,1) (6,17) (7,6) (8,20) (9,24) (10,5) (11,9) (12,15) (12,22) (13,3) (14,11) (15,16) (16,10) (17,0) (18,18) (19,12) (20,4) (21,8) (23,23) (24,13) 
# pairs of queens attacking each other: 5

Done in 0 restarts.
Run Time: 0.813 seconds
Queens: 25
Solution: (0,1) (1,6) (1,8) (1,12) (1,13) (2,0) (3,17) (8,18) (8,19) (8,24) (10,3) (11,20) (12,5) (12,15) (13,9) (13,23) (14,10) (16,16) (17,11) (19,22) (21,2) (21,14) (21,21) (22,4) (22,7) 
# pairs of queens attacking each other: 21

Solution: (0,1) (1,6) (1,8) (1,12) (1,13) (2,0) (3,17) (8,18) (8,19) (8,24) (10,3) (11,20) (12,5) (12,15) (13,9) (13,23) (14,10) (16,16) (17,11) (19,22) (21,2) (21,14) (21,21) (22,4) (22,7) 
# pairs of queens attacking each other: 21


Solution: (0,1) (1,6) (1,8) (1,12) (1,13) (2,0) (3,17) (8,18) (8,19) (8,24) (10,3) (11,20) (12,5) (12,15) (13,9) (13,23) (14,10) (16,16) (17,11) (19,22) (21,14) (21,21) (22,4) (22,7) (23,2) 
# pairs of queens attacking each other: 20

Solution: (0,1) (1,6) (1,8) (1,12) (1,13) (2,0) (3,17) (8,18) (8,19) (8,24) (11,20) (12,5) (12,15) (13,9) (13,23) (14,10) (15,3) (16,16) (17,11) (19,22) (21,14) (21,21) (22,4) (22,7) (23,2) 
# pairs of queens attacking each other: 18

Solution: (0,1) (1,6) (1,8) (1,12) (1,13) (2,0) (3,17) (7,4) (8,18) (8,19) (8,24) (11,20) (12,5) (12,15) (13,9) (13,23) (14,10) (15,3) (16,16) (17,11) (19,22) (21,14) (21,21) (22,7) (23,2) 
# pairs of queens attacking each other: 16

Solution: (0,1) (1,6) (1,8) (1,12) (1,13) (2,0) (3,17) (7,4) (8,18) (8,19) (8,24) (10,5) (11,20) (12,15) (13,9) (13,23) (14,10) (15,3) (16,16) (17,11) (19,22) (21,14) (21,21) (22,7) (23,2) 
# pairs of queens attacking each other: 14

Solution: (0,1) (1,8) (1,12) (1,13) (2,0) (3,17) (4,6) (7,4) (8,18) (8,19) (8,24) (10,5) (11,20) (12,15) (13,9) (13,23) (14,10) (15,3) (16,16) (17,11) (19,22) (21,14) (21,21) (22,7) (23,2) 
# pairs of queens attacking each other: 13

Solution: (0,1) (1,8) (1,12) (1,13) (2,0) (3,17) (4,6) (7,4) (8,18) (8,19) (8,24) (10,5) (11,20) (12,15) (13,9) (13,23) (14,10) (15,3) (16,16) (17,11) (19,22) (21,14) (21,21) (22,7) (23,2) 
# pairs of queens attacking each other: 13


Solution: (0,1) (1,12) (1,13) (2,0) (3,17) (4,6) (7,4) (8,18) (8,19) (8,24) (9,8) (10,5) (11,20) (12,15) (13,9) (13,23) (14,10) (15,3) (16,16) (17,11) (19,22) (21,14) (21,21) (22,7) (23,2) 
# pairs of queens attacking each other: 12

Solution: (0,1) (1,12) (1,13) (2,0) (3,9) (3,17) (4,6) (7,4) (8,18) (8,19) (8,24) (9,8) (10,5) (11,20) (12,15) (13,23) (14,10) (15,3) (16,16) (17,11) (19,22) (21,14) (21,21) (22,7) (23,2) 
# pairs of queens attacking each other: 11

Solution: (0,1) (1,12) (1,13) (2,0) (3,9) (3,17) (4,6) (7,4) (8,18) (8,19) (8,24) (9,8) (10,5) (11,20) (12,15) (13,23) (14,10) (15,3) (16,16) (17,11) (19,22) (21,14) (21,21) (22,7) (23,2) 
# pairs of queens attacking each other: 11


Solution: (0,1) (1,12) (1,13) (2,0) (3,9) (3,17) (4,6) (7,4) (8,18) (8,19) (8,24) (9,8) (10,5) (11,20) (12,15) (13,23) (14,10) (15,3) (16,16) (17,11) (19,22) (21,14) (21,21) (22,7) (23,2) 
# pairs of queens attacking each other: 11


Solution: (0,1) (1,13) (2,0) (3,9) (3,17) (4,6) (4,12) (7,4) (8,18) (8,19) (8,24) (9,8) (10,5) (11,20) (12,15) (13,23) (14,10) (15,3) (16,16) (17,11) (19,22) (21,14) (21,21) (22,7) (23,2) 
# pairs of queens attacking each other: 10

Solution: (0,1) (1,13) (2,0) (3,9) (3,17) (4,6) (4,12) (7,4) (8,18) (8,19) (8,24) (9,8) (10,5) (11,20) (12,15) (13,23) (14,10) (15,3) (16,16) (17,11) (19,22) (21,14) (21,21) (22,7) (23,2) 
# pairs of queens attacking each other: 10


Solution: (0,1) (1,13) (2,0) (3,9) (3,17) (4,6) (4,12) (7,4) (8,18) (8,19) (8,24) (9,8) (10,5) (11,20) (12,15) (13,23) (14,10) (15,3) (16,16) (17,11) (19,22) (21,21) (22,7) (23,2) (24,14) 
# pairs of queens attacking each other: 9

Solution: (0,1) (1,13) (2,0) (3,9) (3,17) (4,6) (4,12) (6,15) (7,4) (8,18) (8,19) (8,24) (9,8) (10,5) (11,20) (13,23) (14,10) (15,3) (16,16) (17,11) (19,22) (21,21) (22,7) (23,2) (24,14) 
# pairs of queens attacking each other: 8

Solution: (0,1) (1,13) (2,0) (3,9) (3,16) (3,17) (4,6) (4,12) (6,15) (7,4) (8,18) (8,19) (8,24) (9,8) (10,5) (11,20) (13,23) (14,10) (15,3) (17,11) (19,22) (21,21) (22,7) (23,2) (24,14) 
# pairs of queens attacking each other: 7

Solution: (0,1) (1,13) (2,0) (3,9) (3,16) (3,17) (4,6) (4,12) (6,15) (7,4) (8,18) (8,19) (8,24) (9,8) (10,5) (11,20) (13,23) (14,10) (15,3) (17,11) (19,22) (21,21) (22,7) (23,2) (24,14) 
# pairs of queens attacking each other: 7


Solution: (0,1) (1,13) (2,0) (3,9) (3,16) (3,17) (4,6) (4,12) (5,18) (6,15) (7,4) (8,19) (8,24) (9,8) (10,5) (11,20) (13,23) (14,10) (15,3) (17,11) (19,22) (21,21) (22,7) (23,2) (24,14) 
# pairs of queens attacking each other: 6

Solution: (0,1) (1,13) (2,0) (3,9) (3,16) (3,17) (4,6) (4,12) (5,18) (6,15) (7,4) (8,19) (8,24) (9,8) (10,5) (11,20) (13,23) (14,10) (15,3) (17,11) (19,22) (21,21) (22,7) (23,2) (24,14) 
# pairs of queens attacking each other: 6


Solution: (0,1) (1,13) (2,0) (3,9) (3,16) (3,17) (4,6) (4,12) (5,18) (6,15) (7,4) (8,19) (8,24) (9,8) (10,5) (11,20) (13,23) (14,10) (15,3) (17,11) (19,22) (21,21) (22,7) (23,2) (24,14) 
# pairs of queens attacking each other: 6


Solution: (0,1) (1,13) (2,0) (3,9) (3,16) (3,17) (4,6) (4,12) (5,18) (6,15) (7,4) (8,19) (8,24) (9,8) (10,5) (11,20) (13,23) (14,10) (15,3) (17,11) (19,22) (21,21) (22,7) (23,2) (24,14) 
# pairs of queens attacking each other: 6


Solution: (0,1) (1,13) (2,0) (3,9) (3,16) (3,17) (4,6) (4,12) (5,18) (6,15) (7,4) (8,19) (8,24) (9,8) (10,5) (11,20) (13,23) (14,10) (15,3) (17,11) (19,22) (21,21) (22,7) (23,2) (24,14) 
# pairs of queens attacking each other: 6


Solution: (0,1) (1,13) (2,0) (3,9) (3,16) (3,17) (4,6) (4,12) (5,18) (6,15) (7,4) (8,19) (8,24) (9,8) (10,5) (11,20) (13,23) (14,10) (15,3) (17,11) (19,22) (21,21) (22,7) (23,2) (24,14) 
# pairs of queens attacking each other: 6


Solution: (0,1) (1,13) (2,0) (3,9) (3,16) (3,17) (4,6) (4,12) (5,18) (6,15) (7,4) (8,19) (9,8) (10,5) (11,20) (13,23) (14,10) (15,3) (17,11) (19,22) (20,24) (21,21) (22,7) (23,2) (24,14) 
# pairs of queens attacking each other: 5
Done in 1 restarts.
Run Time: 1.579 seconds
Queens: 25
Solution: (0,4) (0,16) (1,14) (1,21) (2,8) (3,9) (3,17) (4,7) (5,0) (6,10) (6,11) (6,13) (9,24) (12,5) (12,23) (13,3) (13,15) (15,19) (16,2) (17,18) (18,20) (19,12) (21,1) (23,6) (24,22) 
# pairs of queens attacking each other: 17

Solution: (0,4) (0,16) (1,14) (1,21) (2,8) (3,9) (3,17) (4,7) (5,0) (6,10) (6,11) (6,13) (7,1) (9,24) (12,5) (12,23) (13,3) (13,15) (15,19) (16,2) (17,18) (18,20) (19,12) (23,6) (24,22) 
# pairs of queens attacking each other: 16

Solution: (0,4) (0,16) (1,14) (1,21) (2,8) (3,9) (3,17) (4,7) (5,0) (6,10) (6,11) (6,13) (7,1) (9,24) (12,5) (12,23) (13,3) (13,15) (15,19) (16,2) (17,18) (18,20) (19,12) (23,6) (24,22) 
# pairs of queens attacking each other: 16


Solution: (0,4) (0,16) (1,14) (1,21) (2,8) (3,9) (3,17) (4,7) (5,0) (6,10) (6,11) (6,13) (7,1) (9,24) (11,3) (12,5) (12,23) (13,15) (15,19) (16,2) (17,18) (18,20) (19,12) (23,6) (24,22) 
# pairs of queens attacking each other: 14

Solution: (0,16) (1,14) (1,21) (2,8) (3,9) (3,17) (4,7) (5,0) (6,10) (6,11) (6,13) (7,1) (9,24) (11,3) (12,5) (12,23) (13,15) (15,19) (16,2) (17,18) (18,20) (19,12) (20,4) (23,6) (24,22) 
# pairs of queens attacking each other: 12

Solution: (0,16) (1,14) (1,21) (2,8) (3,9) (3,17) (4,7) (5,0) (6,10) (6,11) (6,13) (7,1) (8,5) (9,24) (11,3) (12,23) (13,15) (15,19) (16,2) (17,18) (18,20) (19,12) (20,4) (23,6) (24,22) 
# pairs of queens attacking each other: 9

Solution: (0,16) (1,14) (1,21) (2,8) (3,9) (3,17) (4,7) (5,0) (6,10) (6,11) (6,13) (7,1) (8,5) (9,24) (11,3) (12,23) (13,15) (15,19) (16,2) (17,18) (18,20) (19,12) (20,4) (23,6) (24,22) 
# pairs of queens attacking each other: 9


Solution: (0,16) (1,14) (1,21) (2,8) (3,9) (3,17) (4,7) (5,0) (6,10) (6,11) (6,13) (7,1) (8,5) (9,24) (11,3) (12,23) (13,15) (15,19) (16,2) (17,18) (18,20) (19,12) (20,4) (23,6) (24,22) 
# pairs of queens attacking each other: 9


Solution: (0,16) (1,14) (1,21) (2,8) (3,9) (3,17) (4,7) (5,0) (6,10) (6,11) (6,13) (7,1) (8,5) (9,24) (11,3) (12,23) (13,15) (15,19) (16,2) (17,18) (18,20) (19,12) (20,4) (23,6) (24,22) 
# pairs of queens attacking each other: 9


Solution: (0,16) (1,14) (1,21) (2,8) (3,17) (4,7) (5,0) (6,10) (6,11) (6,13) (7,1) (8,5) (9,24) (11,3) (12,23) (13,15) (15,19) (16,2) (17,18) (18,20) (19,12) (20,4) (21,9) (23,6) (24,22) 
# pairs of queens attacking each other: 7

Solution: (0,16) (1,14) (1,21) (2,8) (2,10) (3,17) (4,7) (5,0) (6,11) (6,13) (7,1) (8,5) (9,24) (11,3) (12,23) (13,15) (15,19) (16,2) (17,18) (18,20) (19,12) (20,4) (21,9) (23,6) (24,22) 
# pairs of queens attacking each other: 5

Solution: (0,16) (1,14) (1,21) (2,8) (2,10) (3,17) (4,7) (5,0) (6,11) (6,13) (7,1) (8,5) (9,24) (11,3) (12,23) (13,15) (15,19) (16,2) (17,18) (18,20) (19,12) (20,4) (21,9) (23,6) (24,22) 
# pairs of queens attacking each other: 5


Solution: (0,16) (1,14) (1,21) (2,8) (2,10) (3,17) (4,7) (5,0) (6,11) (6,13) (7,1) (8,5) (9,24) (11,3) (12,23) (13,15) (15,19) (16,2) (17,18) (18,20) (19,12) (20,4) (21,9) (23,6) (24,22) 
# pairs of queens attacking each other: 5


Solution: (0,16) (1,14) (1,21) (2,8) (2,10) (3,17) (4,7) (5,0) (6,11) (7,1) (8,5) (9,24) (11,3) (12,23) (13,15) (14,13) (15,19) (16,2) (17,18) (18,20) (19,12) (20,4) (21,9) (23,6) (24,22) 
# pairs of queens attacking each other: 4

Solution: (0,16) (1,14) (1,21) (2,8) (2,10) (3,17) (4,7) (5,0) (6,11) (7,1) (8,5) (9,24) (11,3) (12,23) (13,15) (14,13) (15,19) (16,2) (17,18) (18,20) (19,12) (20,4) (21,9) (23,6) (24,22) 
# pairs of queens attacking each other: 4


Solution: (0,16) (1,14) (1,21) (2,8) (2,10) (3,17) (4,7) (5,0) (6,11) (7,1) (8,5) (9,24) (11,3) (12,23) (13,15) (14,13) (15,19) (16,2) (17,18) (18,20) (19,12) (20,4) (21,9) (23,6) (24,22) 
# pairs of queens attacking each other: 4


Solution: (0,16) (1,14) (1,21) (2,8) (2,10) (3,17) (4,7) (5,0) (6,11) (7,1) (8,5) (9,24) (11,3) (12,23) (13,15) (14,13) (15,19) (16,2) (17,18) (18,20) (19,12) (20,4) (21,9) (23,6) (24,22) 
# pairs of queens attacking each other: 4


Solution: (0,16) (1,14) (1,21) (2,8) (2,10) (3,17) (4,7) (5,0) (6,11) (7,1) (8,5) (9,24) (11,3) (12,23) (13,15) (14,13) (15,19) (16,2) (17,18) (18,20) (19,12) (20,4) (21,9) (23,6) (24,22) 
# pairs of queens attacking each other: 4


Solution: (0,16) (1,14) (1,21) (2,8) (2,10) (3,17) (4,7) (5,0) (6,11) (7,1) (8,5) (9,24) (11,3) (12,23) (13,15) (14,13) (15,19) (16,2) (18,20) (19,12) (20,4) (21,9) (22,18) (23,6) (24,22) 
# pairs of queens attacking each other: 3

Solution: (0,16) (1,14) (1,21) (2,8) (2,10) (3,17) (4,7) (5,0) (6,11) (7,1) (8,5) (9,24) (11,3) (12,23) (13,15) (14,13) (15,19) (16,2) (18,20) (19,12) (20,4) (21,9) (22,18) (23,6) (24,22) 
# pairs of queens attacking each other: 3


Solution: (0,16) (1,14) (1,21) (2,8) (2,10) (3,17) (4,7) (5,0) (6,11) (7,1) (8,5) (9,24) (11,3) (12,23) (13,15) (14,13) (15,19) (16,2) (18,20) (19,12) (20,4) (21,9) (22,18) (23,6) (24,22) 
# pairs of queens attacking each other: 3


Solution: (0,16) (1,14) (1,21) (2,8) (2,10) (3,17) (4,7) (5,0) (6,11) (7,1) (8,5) (9,24) (11,3) (12,23) (13,15) (14,13) (15,19) (16,2) (18,20) (19,12) (20,4) (21,9) (22,18) (23,6) (24,22) 
# pairs of queens attacking each other: 3


Solution: (0,16) (1,14) (1,21) (2,8) (2,10) (3,17) (4,7) (5,0) (6,11) (7,1) (8,5) (9,24) (11,3) (12,23) (13,15) (14,13) (15,19) (16,2) (18,20) (19,12) (20,4) (21,9) (22,18) (23,6) (24,22) 
# pairs of queens attacking each other: 3


Solution: (0,16) (1,14) (1,21) (2,8) (2,10) (3,17) (4,7) (5,0) (6,11) (7,1) (8,5) (9,24) (11,3) (12,23) (13,15) (14,13) (15,19) (16,2) (18,20) (19,12) (20,4) (21,9) (22,18) (23,6) (24,22) 
# pairs of queens attacking each other: 3


Solution: (0,16) (1,14) (1,21) (2,8) (2,10) (3,17) (4,7) (5,0) (6,11) (7,1) (8,5) (9,24) (11,3) (12,23) (13,15) (14,13) (15,19) (16,2) (18,20) (19,12) (20,4) (21,9) (22,18) (23,6) (24,22) 
# pairs of queens attacking each other: 3

Done in 2 restarts.
Run Time: 2.346 seconds
Queens: 25
Solution: (0,23) (2,14) (3,10) (3,17) (4,0) (5,8) (6,21) (7,2) (10,16) (10,22) (11,20) (12,11) (13,7) (14,18) (16,6) (17,24) (18,9) (19,3) (19,13) (20,5) (20,19) (21,15) (23,4) (23,12) (24,1) 
# pairs of queens attacking each other: 19

Solution: (0,23) (1,1) (2,14) (3,10) (3,17) (4,0) (5,8) (6,21) (7,2) (10,16) (10,22) (11,20) (12,11) (13,7) (14,18) (16,6) (17,24) (18,9) (19,3) (19,13) (20,5) (20,19) (21,15) (23,4) (23,12) 
# pairs of queens attacking each other: 18

Solution: (0,23) (1,1) (2,14) (3,10) (3,17) (4,0) (5,8) (6,21) (7,2) (10,16) (10,22) (11,20) (12,11) (13,7) (14,18) (16,6) (17,24) (18,9) (19,3) (19,13) (20,5) (20,19) (21,15) (23,4) (23,12) 
# pairs of queens attacking each other: 18


Solution: (0,23) (1,1) (2,14) (3,10) (3,17) (4,0) (5,8) (6,21) (7,2) (10,16) (10,22) (11,20) (12,11) (13,7) (14,18) (15,3) (16,6) (17,24) (18,9) (19,13) (20,5) (20,19) (21,15) (23,4) (23,12) 
# pairs of queens attacking each other: 16

Solution: (0,23) (1,1) (2,14) (3,10) (3,17) (4,0) (5,8) (6,21) (7,2) (10,16) (10,22) (11,20) (12,11) (13,7) (14,18) (15,3) (16,6) (17,24) (18,9) (19,13) (20,5) (20,19) (21,15) (23,12) (24,4) 
# pairs of queens attacking each other: 14

Solution: (0,23) (1,1) (2,14) (3,10) (3,17) (4,0) (5,8) (6,21) (7,2) (10,16) (10,22) (11,20) (12,11) (13,7) (14,18) (15,3) (16,6) (17,24) (18,9) (19,13) (20,5) (20,19) (21,15) (23,12) (24,4) 
# pairs of queens attacking each other: 14


Solution: (0,23) (1,1) (2,14) (3,10) (3,17) (4,0) (5,8) (6,21) (7,2) (10,16) (10,22) (11,20) (12,11) (13,7) (14,18) (15,3) (16,6) (17,24) (18,9) (19,13) (20,5) (20,19) (21,15) (23,12) (24,4) 
# pairs of queens attacking each other: 14


Solution: (0,23) (1,1) (2,14) (3,10) (3,17) (4,0) (5,7) (5,8) (6,21) (7,2) (10,16) (10,22) (11,20) (12,11) (14,18) (15,3) (16,6) (17,24) (18,9) (19,13) (20,5) (20,19) (21,15) (23,12) (24,4) 
# pairs of queens attacking each other: 13

Solution: (0,23) (1,1) (2,14) (3,10) (3,17) (4,0) (5,7) (6,21) (7,2) (10,16) (10,22) (11,20) (12,11) (14,18) (15,3) (16,6) (17,24) (18,9) (19,13) (20,5) (20,19) (21,15) (22,8) (23,12) (24,4) 
# pairs of queens attacking each other: 11

Solution: (0,23) (1,1) (2,14) (3,10) (3,17) (4,0) (5,7) (6,21) (7,2) (8,9) (10,16) (10,22) (11,20) (12,11) (14,18) (15,3) (16,6) (17,24) (19,13) (20,5) (20,19) (21,15) (22,8) (23,12) (24,4) 
# pairs of queens attacking each other: 10

Solution: (0,10) (0,23) (1,1) (2,14) (3,17) (4,0) (5,7) (6,21) (7,2) (8,9) (10,16) (10,22) (11,20) (12,11) (14,18) (15,3) (16,6) (17,24) (19,13) (20,5) (20,19) (21,15) (22,8) (23,12) (24,4) 
# pairs of queens attacking each other: 9

Solution: (0,10) (0,23) (1,1) (2,14) (3,17) (4,0) (5,7) (6,21) (7,2) (8,9) (10,16) (10,22) (11,20) (13,11) (14,18) (15,3) (16,6) (17,24) (19,13) (20,5) (20,19) (21,15) (22,8) (23,12) (24,4) 
# pairs of queens attacking each other: 7

Solution: (0,10) (0,23) (1,1) (2,14) (3,17) (4,0) (5,7) (6,21) (7,2) (8,9) (10,16) (10,22) (11,20) (13,11) (14,18) (15,3) (16,6) (17,24) (19,13) (20,5) (20,19) (21,15) (22,8) (23,12) (24,4) 
# pairs of queens attacking each other: 7


Solution: (0,10) (0,13) (0,23) (1,1) (2,14) (3,17) (4,0) (5,7) (6,21) (7,2) (8,9) (10,16) (10,22) (11,20) (13,11) (14,18) (15,3) (16,6) (17,24) (20,5) (20,19) (21,15) (22,8) (23,12) (24,4) 
# pairs of queens attacking each other: 6

Solution: (0,10) (0,13) (0,23) (1,1) (2,14) (3,17) (4,0) (5,7) (6,21) (7,2) (8,9) (10,16) (10,22) (11,20) (13,11) (14,18) (15,3) (16,6) (17,24) (20,5) (20,19) (21,15) (22,8) (23,12) (24,4) 
# pairs of queens attacking each other: 6


Solution: (0,10) (0,13) (0,23) (1,1) (2,14) (3,17) (4,0) (5,7) (6,21) (7,2) (8,9) (10,16) (10,22) (11,20) (13,11) (14,18) (15,3) (16,6) (17,24) (20,5) (20,19) (21,15) (22,8) (23,12) (24,4) 
# pairs of queens attacking each other: 6


Solution: (0,10) (0,13) (0,23) (1,1) (2,14) (3,17) (4,0) (5,7) (6,21) (7,2) (8,9) (10,16) (10,22) (11,20) (13,11) (14,18) (15,3) (16,6) (17,24) (20,5) (20,19) (21,15) (22,8) (23,12) (24,4) 
# pairs of queens attacking each other: 6


Solution: (0,10) (0,13) (0,23) (1,1) (2,14) (3,17) (4,0) (5,7) (6,21) (7,2) (8,9) (10,16) (10,22) (11,20) (13,11) (14,18) (15,3) (16,6) (17,24) (20,5) (20,19) (21,15) (22,8) (23,12) (24,4) 
# pairs of queens attacking each other: 6


Solution: (0,10) (0,13) (0,23) (1,1) (2,14) (3,17) (4,0) (5,7) (6,21) (7,2) (8,9) (10,16) (10,22) (11,20) (13,11) (14,18) (15,3) (16,6) (17,24) (20,5) (20,19) (21,15) (22,8) (23,12) (24,4) 
# pairs of queens attacking each other: 6


Solution: (0,10) (0,13) (0,23) (1,1) (2,14) (3,17) (4,0) (5,7) (6,21) (7,2) (8,9) (10,16) (10,22) (11,20) (13,11) (14,18) (15,3) (16,6) (17,24) (20,5) (20,19) (21,15) (22,8) (23,12) (24,4) 
# pairs of queens attacking each other: 6


Solution: (0,10) (0,13) (0,23) (1,1) (2,14) (3,17) (4,0) (5,7) (6,21) (7,2) (8,9) (10,16) (10,22) (11,20) (13,11) (14,18) (15,3) (16,6) (17,24) (20,5) (20,19) (21,15) (22,8) (23,12) (24,4) 
# pairs of queens attacking each other: 6


Solution: (0,10) (0,13) (0,23) (1,1) (2,14) (3,17) (4,0) (5,7) (6,21) (7,2) (8,9) (10,16) (10,22) (11,20) (13,11) (14,18) (15,3) (16,6) (17,24) (20,5) (20,19) (21,15) (22,8) (23,12) (24,4) 
# pairs of queens attacking each other: 6


Solution: (0,10) (0,13) (0,23) (1,1) (2,14) (3,17) (4,0) (5,7) (6,21) (7,2) (8,9) (10,16) (11,20) (11,22) (13,11) (14,18) (15,3) (16,6) (17,24) (20,5) (20,19) (21,15) (22,8) (23,12) (24,4) 
# pairs of queens attacking each other: 4

Solution: (0,10) (0,13) (0,23) (1,1) (2,14) (3,17) (4,0) (5,7) (6,21) (7,2) (8,9) (10,16) (11,20) (11,22) (13,11) (14,18) (15,3) (16,6) (17,24) (20,5) (20,19) (21,15) (22,8) (23,12) (24,4) 
# pairs of queens attacking each other: 4


Solution: (0,10) (0,13) (0,23) (1,1) (2,14) (3,17) (4,0) (5,7) (6,21) (7,2) (8,9) (10,16) (11,20) (11,22) (13,11) (14,18) (15,3) (16,6) (17,24) (20,5) (20,19) (21,15) (22,8) (23,12) (24,4) 
# pairs of queens attacking each other: 4

Done in 3 restarts.
Run Time: 3.112 seconds
Queens: 25
Solution: (0,22) (1,0) (2,21) (4,17) (6,1) (6,3) (7,8) (7,10) (8,4) (8,5) (8,6) (8,20) (10,11) (12,2) (14,15) (15,24) (16,7) (17,18) (18,9) (18,16) (21,19) (21,23) (23,13) (23,14) (24,12) 
# pairs of queens attacking each other: 21

Solution: (0,22) (1,0) (2,21) (4,17) (6,3) (7,8) (7,10) (8,4) (8,5) (8,6) (8,20) (9,1) (10,11) (12,2) (14,15) (15,24) (16,7) (17,18) (18,9) (18,16) (21,19) (21,23) (23,13) (23,14) (24,12) 
# pairs of queens attacking each other: 20

Solution: (0,22) (1,0) (2,21) (4,17) (6,3) (7,8) (7,10) (8,4) (8,5) (8,6) (8,20) (9,1) (10,11) (14,15) (15,24) (16,7) (17,18) (18,9) (18,16) (21,19) (21,23) (22,2) (23,13) (23,14) (24,12) 
# pairs of queens attacking each other: 18

Solution: (0,22) (1,0) (2,21) (3,3) (4,17) (7,8) (7,10) (8,4) (8,5) (8,6) (8,20) (9,1) (10,11) (14,15) (15,24) (16,7) (17,18) (18,9) (18,16) (21,19) (21,23) (22,2) (23,13) (23,14) (24,12) 
# pairs of queens attacking each other: 17

Solution: (0,22) (1,0) (2,21) (3,3) (4,17) (7,8) (7,10) (8,4) (8,5) (8,6) (8,20) (9,1) (10,11) (14,15) (15,24) (16,7) (17,18) (18,9) (18,16) (21,19) (21,23) (22,2) (23,13) (23,14) (24,12) 
# pairs of queens attacking each other: 17


Solution: (0,22) (1,0) (2,21) (3,3) (4,17) (7,8) (7,10) (8,4) (8,6) (8,20) (9,1) (10,11) (11,5) (14,15) (15,24) (16,7) (17,18) (18,9) (18,16) (21,19) (21,23) (22,2) (23,13) (23,14) (24,12) 
# pairs of queens attacking each other: 16

Solution: (0,22) (1,0) (2,21) (3,3) (4,17) (7,8) (7,10) (8,4) (8,20) (9,1) (10,11) (11,5) (13,6) (14,15) (15,24) (16,7) (17,18) (18,9) (18,16) (21,19) (21,23) (22,2) (23,13) (23,14) (24,12) 
# pairs of queens attacking each other: 14

Solution: (0,7) (0,22) (1,0) (2,21) (3,3) (4,17) (7,8) (7,10) (8,4) (8,20) (9,1) (10,11) (11,5) (13,6) (14,15) (15,24) (17,18) (18,9) (18,16) (21,19) (21,23) (22,2) (23,13) (23,14) (24,12) 
# pairs of queens attacking each other: 13

Solution: (0,7) (0,8) (0,22) (1,0) (2,21) (3,3) (4,17) (7,10) (8,4) (8,20) (9,1) (10,11) (11,5) (13,6) (14,15) (15,24) (17,18) (18,9) (18,16) (21,19) (21,23) (22,2) (23,13) (23,14) (24,12) 
# pairs of queens attacking each other: 12

Solution: (0,7) (0,8) (0,22) (1,0) (2,21) (3,3) (4,17) (5,9) (7,10) (8,4) (8,20) (9,1) (10,11) (11,5) (13,6) (14,15) (15,24) (17,18) (18,16) (21,19) (21,23) (22,2) (23,13) (23,14) (24,12) 
# pairs of queens attacking each other: 10

Solution: (0,7) (0,8) (0,22) (1,0) (2,21) (3,3) (4,17) (5,9) (7,10) (8,4) (8,20) (9,1) (10,11) (11,5) (13,6) (14,15) (15,24) (17,18) (18,16) (21,19) (21,23) (22,2) (23,13) (23,14) (24,12) 
# pairs of queens attacking each other: 10


Solution: (0,7) (0,8) (0,22) (1,0) (2,21) (3,3) (4,17) (5,9) (7,10) (8,4) (8,20) (9,1) (11,5) (13,6) (14,15) (15,24) (16,11) (17,18) (18,16) (21,19) (21,23) (22,2) (23,13) (23,14) (24,12) 
# pairs of queens attacking each other: 8

Solution: (0,7) (0,8) (0,22) (1,0) (2,21) (3,3) (4,17) (5,9) (6,12) (7,10) (8,4) (8,20) (9,1) (11,5) (13,6) (14,15) (15,24) (16,11) (17,18) (18,16) (21,19) (21,23) (22,2) (23,13) (23,14) 
# pairs of queens attacking each other: 7

Solution: (0,7) (0,8) (0,22) (1,0) (2,21) (3,3) (4,17) (5,9) (6,12) (7,10) (8,4) (8,20) (9,1) (11,5) (13,6) (14,15) (15,24) (16,11) (17,18) (18,16) (21,19) (21,23) (22,2) (23,13) (23,14) 
# pairs of queens attacking each other: 7


Solution: (0,7) (0,8) (0,22) (1,0) (2,21) (3,3) (4,17) (5,9) (6,12) (7,10) (8,4) (8,20) (9,1) (11,5) (13,6) (14,15) (15,24) (16,11) (17,18) (18,16) (21,19) (21,23) (22,2) (23,13) (23,14) 
# pairs of queens attacking each other: 7


Solution: (0,7) (0,8) (0,22) (1,0) (2,21) (3,3) (4,17) (5,9) (6,12) (7,10) (8,4) (8,20) (9,1) (10,15) (11,5) (13,6) (15,24) (16,11) (17,18) (18,16) (21,19) (21,23) (22,2) (23,13) (23,14) 
# pairs of queens attacking each other: 6

Solution: (0,7) (0,8) (0,22) (1,0) (2,21) (3,3) (4,17) (5,9) (6,12) (7,10) (8,4) (8,20) (9,1) (10,15) (11,5) (13,6) (15,24) (16,11) (17,18) (18,16) (21,19) (21,23) (22,2) (23,13) (23,14) 
# pairs of queens attacking each other: 6


Solution: (0,7) (0,8) (0,22) (1,0) (2,21) (3,3) (4,17) (5,9) (6,12) (7,10) (8,4) (8,20) (9,1) (10,15) (11,5) (13,6) (15,24) (16,11) (17,18) (18,16) (21,19) (21,23) (22,2) (23,13) (23,14) 
# pairs of queens attacking each other: 6


Solution: (0,7) (0,8) (0,22) (1,0) (2,21) (3,3) (4,17) (5,9) (6,12) (7,10) (8,4) (8,20) (9,1) (10,15) (11,5) (13,6) (15,24) (16,11) (17,18) (18,16) (21,19) (21,23) (22,2) (23,13) (23,14) 
# pairs of queens attacking each other: 6


Solution: (0,7) (0,8) (0,22) (1,0) (1,19) (2,21) (3,3) (4,17) (5,9) (6,12) (7,10) (8,4) (8,20) (9,1) (10,15) (11,5) (13,6) (15,24) (16,11) (17,18) (18,16) (21,23) (22,2) (23,13) (23,14) 
# pairs of queens attacking each other: 5

Solution: (0,7) (0,8) (0,22) (1,0) (1,19) (2,21) (3,3) (4,17) (5,9) (6,12) (7,10) (8,4) (8,20) (9,1) (10,15) (11,5) (13,6) (15,24) (16,11) (17,18) (18,16) (21,23) (22,2) (23,13) (23,14) 
# pairs of queens attacking each other: 5


Solution: (0,7) (0,8) (0,22) (1,0) (1,19) (2,21) (3,3) (4,17) (5,9) (6,12) (7,10) (8,4) (8,20) (9,1) (10,15) (11,5) (13,6) (15,24) (16,11) (17,18) (18,16) (21,23) (22,2) (23,13) (23,14) 
# pairs of queens attacking each other: 5


Solution: (0,7) (0,8) (0,22) (1,0) (1,19) (2,21) (3,3) (4,17) (5,9) (6,12) (7,10) (8,4) (8,20) (9,1) (10,15) (11,5) (13,6) (15,24) (16,11) (17,18) (18,16) (21,23) (22,2) (23,13) (23,14) 
# pairs of queens attacking each other: 5


Solution: (0,7) (0,8) (0,22) (1,0) (1,19) (2,21) (3,3) (4,17) (5,9) (6,12) (7,10) (8,4) (8,20) (9,1) (10,15) (11,5) (13,6) (15,24) (16,11) (17,18) (18,16) (21,23) (22,2) (23,13) (23,14) 
# pairs of queens attacking each other: 5


Solution: (0,7) (0,8) (0,22) (1,0) (1,19) (2,21) (3,3) (4,17) (5,9) (6,12) (7,10) (8,4) (8,20) (9,1) (10,15) (11,5) (13,6) (15,24) (16,11) (17,18) (18,16) (21,23) (22,2) (23,13) (23,14) 
# pairs of queens attacking each other: 5

Done in 4 restarts.
Run Time: 3.896 seconds
Queens: 25
Solution: (0,6) (0,21) (2,16) (3,2) (5,24) (6,8) (7,15) (7,19) (8,1) (12,9) (13,3) (14,10) (15,7) (15,12) (17,14) (18,13) (19,0) (20,4) (20,5) (20,18) (20,23) (22,11) (22,20) (24,17) (24,22) 
# pairs of queens attacking each other: 17

Solution: (0,6) (0,21) (1,1) (2,16) (3,2) (5,24) (6,8) (7,15) (7,19) (12,9) (13,3) (14,10) (15,7) (15,12) (17,14) (18,13) (19,0) (20,4) (20,5) (20,18) (20,23) (22,11) (22,20) (24,17) (24,22) 
# pairs of queens attacking each other: 16

Solution: (0,6) (0,21) (1,1) (2,16) (3,2) (5,24) (6,8) (7,15) (7,19) (12,9) (13,3) (14,10) (15,7) (15,12) (17,14) (18,13) (19,0) (20,4) (20,5) (20,18) (20,23) (22,11) (22,20) (24,17) (24,22) 
# pairs of queens attacking each other: 16


Solution: (0,6) (0,21) (1,1) (2,16) (3,2) (5,24) (6,8) (7,15) (7,19) (12,9) (13,3) (14,10) (15,7) (15,12) (17,14) (18,13) (19,0) (20,4) (20,5) (20,18) (20,23) (22,11) (22,20) (24,17) (24,22) 
# pairs of queens attacking each other: 16


Solution: (0,6) (0,21) (1,1) (2,16) (3,2) (5,24) (6,8) (7,15) (7,19) (12,9) (13,3) (14,10) (15,7) (15,12) (16,4) (17,14) (18,13) (19,0) (20,5) (20,18) (20,23) (22,11) (22,20) (24,17) (24,22) 
# pairs of queens attacking each other: 14

Solution: (0,6) (0,21) (1,1) (2,16) (3,2) (4,5) (5,24) (6,8) (7,15) (7,19) (12,9) (13,3) (14,10) (15,7) (15,12) (16,4) (17,14) (18,13) (19,0) (20,18) (20,23) (22,11) (22,20) (24,17) (24,22) 
# pairs of queens attacking each other: 13

Solution: (0,6) (0,21) (1,1) (2,16) (3,2) (4,5) (5,24) (6,8) (7,15) (7,19) (12,9) (13,3) (14,10) (15,7) (15,12) (16,4) (17,14) (18,13) (19,0) (20,18) (20,23) (22,11) (22,20) (24,17) (24,22) 
# pairs of queens attacking each other: 13


Solution: (0,6) (0,21) (1,1) (2,16) (3,2) (4,5) (5,24) (6,8) (7,15) (7,19) (12,9) (13,3) (14,10) (15,12) (16,4) (17,14) (18,13) (19,0) (20,18) (20,23) (21,7) (22,11) (22,20) (24,17) (24,22) 
# pairs of queens attacking each other: 11

Solution: (0,6) (0,21) (1,1) (2,16) (3,2) (4,5) (5,24) (6,8) (7,15) (7,19) (12,9) (13,3) (14,10) (15,12) (16,4) (17,14) (18,13) (19,0) (20,18) (20,23) (21,7) (22,11) (22,20) (24,17) (24,22) 
# pairs of queens attacking each other: 11


Solution: (0,6) (0,21) (1,1) (2,9) (2,16) (3,2) (4,5) (5,24) (6,8) (7,15) (7,19) (13,3) (14,10) (15,12) (16,4) (17,14) (18,13) (19,0) (20,18) (20,23) (21,7) (22,11) (22,20) (24,17) (24,22) 
# pairs of queens attacking each other: 10

Solution: (0,6) (0,21) (1,1) (2,9) (2,16) (3,2) (4,5) (5,24) (6,8) (7,15) (7,19) (13,3) (14,10) (15,12) (16,4) (17,14) (18,13) (19,0) (20,18) (20,23) (21,7) (22,11) (22,20) (24,17) (24,22) 
# pairs of queens attacking each other: 10


Solution: (0,6) (0,21) (1,1) (2,9) (2,16) (3,2) (4,5) (5,24) (6,8) (7,15) (7,19) (13,3) (14,10) (15,12) (16,4) (17,14) (18,13) (19,0) (20,18) (20,23) (21,7) (22,11) (22,20) (24,17) (24,22) 
# pairs of queens attacking each other: 10


Solution: (0,6) (0,21) (1,1) (2,9) (2,16) (3,2) (4,5) (5,24) (6,8) (7,15) (7,19) (13,3) (14,10) (15,12) (16,4) (17,14) (18,13) (19,0) (20,18) (20,23) (21,7) (22,11) (22,20) (24,17) (24,22) 
# pairs of queens attacking each other: 10


Solution: (0,6) (0,21) (1,1) (2,9) (2,16) (3,2) (4,5) (5,24) (6,8) (7,15) (7,19) (13,3) (14,10) (15,12) (16,4) (17,14) (18,13) (19,0) (20,18) (20,23) (21,7) (22,11) (22,20) (24,17) (24,22) 
# pairs of queens attacking each other: 10


Solution: (0,6) (0,21) (1,1) (2,9) (2,16) (3,2) (4,5) (5,24) (6,8) (7,15) (7,19) (9,14) (13,3) (14,10) (15,12) (16,4) (18,13) (19,0) (20,18) (20,23) (21,7) (22,11) (22,20) (24,17) (24,22) 
# pairs of queens attacking each other: 8

Solution: (0,6) (0,21) (1,1) (2,9) (2,16) (3,2) (4,5) (5,24) (6,8) (7,15) (7,19) (9,14) (13,3) (14,10) (15,12) (16,4) (18,13) (19,0) (20,18) (20,23) (21,7) (22,11) (22,20) (24,17) (24,22) 
# pairs of queens attacking each other: 8


Solution: (0,6) (0,21) (1,1) (2,9) (2,16) (3,2) (4,5) (5,24) (6,8) (7,15) (7,19) (9,14) (13,3) (14,10) (15,12) (16,4) (18,13) (19,0) (20,18) (20,23) (21,7) (22,11) (22,20) (24,17) (24,22) 
# pairs of queens attacking each other: 8


Solution: (0,6) (0,21) (1,1) (2,9) (2,16) (3,2) (4,5) (5,24) (6,8) (7,15) (7,19) (8,17) (9,14) (13,3) (14,10) (15,12) (16,4) (18,13) (19,0) (20,18) (20,23) (21,7) (22,11) (22,20) (24,22) 
# pairs of queens attacking each other: 7

Solution: (0,6) (0,21) (1,1) (2,9) (2,16) (3,2) (4,5) (5,24) (6,8) (7,15) (7,19) (8,17) (9,14) (12,18) (13,3) (14,10) (15,12) (16,4) (18,13) (19,0) (20,23) (21,7) (22,11) (22,20) (24,22) 
# pairs of queens attacking each other: 6

Solution: (0,6) (0,21) (1,1) (2,9) (2,16) (3,2) (4,5) (5,24) (6,8) (7,15) (7,19) (8,17) (9,14) (12,18) (13,3) (14,10) (15,12) (16,4) (18,13) (19,0) (20,23) (21,7) (22,11) (22,20) (24,22) 
# pairs of queens attacking each other: 6


Solution: (0,6) (0,21) (1,1) (2,9) (2,16) (3,2) (4,5) (5,24) (6,8) (7,15) (7,19) (8,17) (9,14) (10,20) (12,18) (13,3) (14,10) (15,12) (16,4) (18,13) (19,0) (20,23) (21,7) (22,11) (24,22) 
# pairs of queens attacking each other: 5

Solution: (0,6) (1,1) (2,9) (2,16) (3,2) (4,5) (5,24) (6,8) (7,15) (7,19) (8,17) (9,14) (10,20) (12,18) (13,3) (14,10) (15,12) (16,4) (17,21) (18,13) (19,0) (20,23) (21,7) (22,11) (24,22) 
# pairs of queens attacking each other: 4

Solution: (0,6) (1,1) (2,9) (2,16) (3,2) (4,5) (5,24) (6,8) (7,15) (7,19) (8,17) (9,14) (10,20) (12,18) (13,3) (14,10) (15,12) (16,4) (17,21) (18,13) (19,0) (20,23) (21,7) (22,11) (24,22) 
# pairs of queens attacking each other: 4


Solution: (0,6) (1,1) (2,9) (2,16) (3,2) (4,5) (5,24) (6,8) (7,15) (7,19) (8,17) (9,14) (10,20) (12,18) (13,3) (14,10) (15,12) (16,4) (17,21) (18,13) (19,0) (20,23) (21,7) (22,11) (24,22) 
# pairs of queens attacking each other: 4


Solution: (0,6) (1,1) (2,9) (2,16) (3,2) (4,5) (5,24) (6,8) (7,15) (7,19) (8,17) (9,14) (10,20) (12,18) (13,3) (14,10) (15,12) (16,4) (17,21) (18,13) (19,0) (20,23) (21,7) (22,11) (24,22) 
# pairs of queens attacking each other: 4

Done in 5 restarts.
Run Time: 4.646 seconds
Queens: 25