
Solution: (2,18) (2,20) (3,5) (3,10) (4,7) (4,8) (5,0) (6,13) (8,9) (10,2) (11,17) (12,4) (12,12) (12,21) (14,6) (15,16) (16,23) (17,15) (17,22) (18,14) (19,3) (20,1) (20,19) (21,24) (22,11) 
# pairs of queens attacking each other: 20


Solution: (2,18) (2,20) (3,5) (3,10) (4,7) (4,8) (5,0) (6,13) (8,9) (10,2) (11,17) (12,4) (12,12) (12,21) (13,1) (14,6) (15,16) (16,23) (17,15) (17,22) (18,14) (19,3) (20,19) (21,24) (22,11) 
# pairs of queens attacking each other: 19

Solution: (2,18) (2,20) (3,5) (3,10) (4,7) (4,8) (5,0) (6,13) (8,9) (11,17) (12,4) (12,12) (12,21) (13,1) (14,6) (15,16) (16,23) (17,15) (17,22) (18,14) (19,3) (20,19) (21,24) (22,11) (23,2) 
# pairs of queens attacking each other: 17

Solution: (2,18) (2,20) (3,5) (3,10) (4,7) (4,8) (5,0) (6,13) (8,9) (11,17) (12,4) (12,12) (12,21) (13,1) (14,6) (15,16) (16,23) (17,15) (17,22) (18,14) (19,3) (20,19) (21,24) (22,11) (23,2) 
# pairs of queens attacking each other: 17


Solution: (0,4) (2,18) (2,20) (3,5) (3,10) (4,7) (4,8) (5,0) (6,13) (8,9) (11,17) (12,12) (12,21) (13,1) (14,6) (15,16) (16,23) (17,15) (17,22) (18,14) (19,3) (20,19) (21,24) (22,11) (23,2) 
# pairs of queens attacking each other: 16

Solution: (0,4) (2,18) (2,20) (3,10) (4,7) (4,8) (5,0) (6,13) (8,9) (11,17) (12,12) (12,21) (13,1) (14,6) (15,16) (16,23) (17,15) (17,22) (18,14) (19,3) (20,19) (21,24) (22,11) (23,2) (24,5) 
# pairs of queens attacking each other: 15

Solution: (0,4) (2,18) (2,20) (3,10) (4,7) (4,8) (5,0) (6,13) (8,9) (9,6) (11,17) (12,12) (12,21) (13,1) (15,16) (16,23) (17,15) (17,22) (18,14) (19,3) (20,19) (21,24) (22,11) (23,2) (24,5) 
# pairs of queens attacking each other: 14

Solution: (0,4) (2,18) (2,20) (3,10) (4,8) (5,0) (6,13) (8,9) (9,6) (11,17) (12,12) (12,21) (13,1) (14,7) (15,16) (16,23) (17,15) (17,22) (18,14) (19,3) (20,19) (21,24) (22,11) (23,2) (24,5) 
# pairs of queens attacking each other: 12

Solution: (0,4) (2,18) (2,20) (3,10) (4,8) (5,0) (6,13) (8,9) (9,6) (11,17) (12,12) (12,21) (13,1) (14,7) (15,16) (16,23) (17,15) (17,22) (18,14) (19,3) (20,19) (21,24) (22,11) (23,2) (24,5) 
# pairs of queens attacking each other: 12


Solution: (0,4) (1,9) (2,18) (2,20) (3,10) (4,8) (5,0) (6,13) (9,6) (11,17) (12,12) (12,21) (13,1) (14,7) (15,16) (16,23) (17,15) (17,22) (18,14) (19,3) (20,19) (21,24) (22,11) (23,2) (24,5) 
# pairs of queens attacking each other: 11

Solution: (0,4) (1,9) (2,18) (2,20) (4,8) (5,0) (6,13) (8,10) (9,6) (11,17) (12,12) (12,21) (13,1) (14,7) (15,16) (16,23) (17,15) (17,22) (18,14) (19,3) (20,19) (21,24) (22,11) (23,2) (24,5) 
# pairs of queens attacking each other: 10

Solution: (0,4) (1,9) (2,18) (2,20) (4,8) (5,0) (6,13) (8,10) (9,6) (11,17) (12,12) (12,21) (13,1) (14,7) (15,16) (16,23) (17,15) (17,22) (18,14) (19,3) (20,19) (21,24) (22,11) (23,2) (24,5) 
# pairs of queens attacking each other: 10


Solution: (0,4) (1,9) (2,18) (2,20) (4,8) (5,0) (6,13) (8,10) (9,6) (11,17) (12,12) (12,21) (13,1) (14,7) (15,16) (16,23) (17,15) (17,22) (18,14) (19,3) (20,19) (21,24) (22,11) (23,2) (24,5) 
# pairs of queens attacking each other: 10


Solution: (0,4) (1,9) (2,18) (2,20) (3,13) (4,8) (5,0) (8,10) (9,6) (11,17) (12,12) (12,21) (13,1) (14,7) (15,16) (16,23) (17,15) (17,22) (18,14) (19,3) (20,19) (21,24) (22,11) (23,2) (24,5) 
# pairs of queens attacking each other: 9

Solution: (0,4) (1,9) (2,18) (2,20) (3,13) (4,8) (5,0) (8,10) (9,6) (11,17) (12,12) (12,21) (13,1) (14,7) (15,16) (16,23) (17,15) (17,22) (18,14) (19,3) (20,19) (21,24) (22,11) (23,2) (24,5) 
# pairs of queens attacking each other: 9


Solution: (0,4) (1,9) (2,15) (2,18) (2,20) (3,13) (4,8) (5,0) (8,10) (9,6) (11,17) (12,12) (12,21) (13,1) (14,7) (15,16) (16,23) (17,22) (18,14) (19,3) (20,19) (21,24) (22,11) (23,2) (24,5) 
# pairs of queens attacking each other: 8

Solution: (0,4) (1,9) (2,15) (2,18) (2,20) (3,13) (4,8) (5,0) (8,10) (9,6) (11,17) (12,12) (12,21) (13,1) (14,7) (15,16) (16,23) (17,22) (18,14) (19,3) (20,19) (21,24) (22,11) (23,2) (24,5) 
# pairs of queens attacking each other: 8


Solution: (0,4) (1,9) (2,15) (2,18) (2,20) (3,13) (4,8) (5,0) (8,10) (9,6) (11,17) (12,12) (12,21) (13,1) (14,7) (15,16) (16,23) (17,22) (18,14) (19,3) (20,19) (21,24) (22,11) (23,2) (24,5) 
# pairs of queens attacking each other: 8


Solution: (0,4) (1,9) (2,15) (2,18) (2,20) (3,13) (4,8) (5,0) (8,10) (9,6) (11,17) (12,12) (12,21) (13,1) (14,7) (15,16) (16,23) (17,22) (18,14) (19,3) (20,19) (21,24) (22,11) (23,2) (24,5) 
# pairs of queens attacking each other: 8


Solution: (0,4) (1,9) (2,15) (2,18) (2,20) (3,13) (4,8) (5,0) (7,19) (8,10) (9,6) (11,17) (12,12) (12,21) (13,1) (14,7) (15,16) (16,23) (17,22) (18,14) (19,3) (21,24) (22,11) (23,2) (24,5) 
# pairs of queens attacking each other: 7

Solution: (0,4) (1,9) (2,15) (2,18) (3,13) (3,20) (4,8) (5,0) (7,19) (8,10) (9,6) (11,17) (12,12) (12,21) (13,1) (14,7) (15,16) (16,23) (17,22) (18,14) (19,3) (21,24) (22,11) (23,2) (24,5) 
# pairs of queens attacking each other: 6

Solution: (0,4) (1,9) (2,15) (2,18) (3,13) (3,20) (4,8) (5,0) (6,21) (7,19) (8,10) (9,6) (11,17) (12,12) (13,1) (14,7) (15,16) (16,23) (17,22) (18,14) (19,3) (21,24) (22,11) (23,2) (24,5) 
# pairs of queens attacking each other: 4

Solution: (0,4) (1,9) (2,15) (2,18) (3,13) (3,20) (4,8) (5,0) (6,21) (7,19) (8,10) (9,6) (11,17) (12,12) (13,1) (14,7) (15,16) (16,23) (17,22) (18,14) (19,3) (21,24) (22,11) (23,2) (24,5) 
# pairs of queens attacking each other: 4


Solution: (0,4) (1,9) (2,15) (2,18) (3,13) (3,20) (4,8) (5,0) (6,21) (7,19) (8,10) (9,6) (11,17) (12,12) (13,1) (14,7) (15,16) (16,23) (17,22) (18,14) (19,3) (21,24) (22,11) (23,2) (24,5) 
# pairs of queens attacking each other: 4


Solution: (0,4) (1,9) (2,15) (2,18) (3,13) (3,20) (4,8) (5,0) (6,21) (7,19) (8,10) (9,6) (11,17) (12,12) (13,1) (14,7) (15,16) (16,23) (17,22) (18,14) (19,3) (21,24) (22,11) (23,2) (24,5) 
# pairs of queens attacking each other: 4

Done in 0 restarts.
Run Time: 0.845 seconds
Queens: 25
Solution: (1,16) (1,20) (2,21) (2,24) (3,3) (4,1) (4,5) (4,13) (6,8) (6,15) (7,0) (10,22) (11,18) (14,19) (15,4) (16,12) (17,14) (17,17) (18,10) (19,6) (21,11) (21,23) (22,2) (22,9) (23,7) 
# pairs of queens attacking each other: 19

Solution: (0,1) (1,16) (1,20) (2,21) (2,24) (3,3) (4,5) (4,13) (6,8) (6,15) (7,0) (10,22) (11,18) (14,19) (15,4) (16,12) (17,14) (17,17) (18,10) (19,6) (21,11) (21,23) (22,2) (22,9) (23,7) 
# pairs of queens attacking each other: 18

Solution: (0,1) (1,16) (1,20) (2,21) (2,24) (3,3) (4,5) (4,13) (6,8) (6,15) (7,0) (8,2) (10,22) (11,18) (14,19) (15,4) (16,12) (17,14) (17,17) (18,10) (19,6) (21,11) (21,23) (22,9) (23,7) 
# pairs of queens attacking each other: 17

Solution: (0,1) (1,16) (1,20) (2,21) (2,24) (4,5) (4,13) (5,3) (6,8) (6,15) (7,0) (8,2) (10,22) (11,18) (14,19) (15,4) (16,12) (17,14) (17,17) (18,10) (19,6) (21,11) (21,23) (22,9) (23,7) 
# pairs of queens attacking each other: 16

Solution: (0,1) (1,16) (1,20) (2,21) (2,24) (4,5) (4,13) (5,3) (6,8) (6,15) (7,0) (8,2) (10,22) (11,18) (14,19) (15,4) (16,12) (17,14) (17,17) (18,10) (19,6) (21,11) (21,23) (22,9) (23,7) 
# pairs of queens attacking each other: 16


Solution: (0,1) (1,5) (1,16) (1,20) (2,21) (2,24) (4,13) (5,3) (6,8) (6,15) (7,0) (8,2) (10,22) (11,18) (14,19) (15,4) (16,12) (17,14) (17,17) (18,10) (19,6) (21,11) (21,23) (22,9) (23,7) 
# pairs of queens attacking each other: 15

Solution: (0,1) (1,5) (1,16) (1,20) (2,21) (2,24) (3,6) (4,13) (5,3) (6,8) (6,15) (7,0) (8,2) (10,22) (11,18) (14,19) (15,4) (16,12) (17,14) (17,17) (18,10) (21,11) (21,23) (22,9) (23,7) 
# pairs of queens attacking each other: 14

Solution: (0,1) (1,5) (1,16) (1,20) (2,21) (2,24) (3,6) (4,13) (5,3) (6,8) (6,15) (7,0) (8,2) (10,22) (11,18) (14,19) (15,4) (16,12) (17,14) (17,17) (18,10) (21,11) (21,23) (22,9) (23,7) 
# pairs of queens attacking each other: 14


Solution: (0,1) (1,5) (1,16) (1,20) (2,21) (2,24) (3,6) (4,13) (5,3) (6,15) (7,0) (8,2) (9,8) (10,22) (11,18) (14,19) (15,4) (16,12) (17,14) (17,17) (18,10) (21,11) (21,23) (22,9) (23,7) 
# pairs of queens attacking each other: 13

Solution: (0,1) (1,5) (1,16) (1,20) (2,21) (2,24) (3,6) (4,13) (5,3) (6,15) (7,0) (8,2) (9,8) (10,22) (11,18) (14,19) (15,4) (16,12) (17,14) (17,17) (18,10) (21,11) (21,23) (22,9) (23,7) 
# pairs of queens attacking each other: 13


Solution: (0,1) (1,5) (1,16) (1,20) (2,21) (2,24) (3,6) (4,13) (5,3) (6,15) (7,0) (8,2) (9,8) (10,22) (11,18) (14,19) (15,4) (16,12) (17,14) (17,17) (18,10) (21,11) (21,23) (22,9) (23,7) 
# pairs of queens attacking each other: 13


Solution: (0,1) (0,11) (1,5) (1,16) (1,20) (2,21) (2,24) (3,6) (4,13) (5,3) (6,15) (7,0) (8,2) (9,8) (10,22) (11,18) (14,19) (15,4) (16,12) (17,14) (17,17) (18,10) (21,23) (22,9) (23,7) 
# pairs of queens attacking each other: 12

Solution: (0,1) (0,11) (1,5) (1,16) (1,20) (2,21) (2,24) (3,6) (4,13) (5,3) (6,15) (7,0) (8,2) (9,8) (10,22) (11,18) (14,19) (15,4) (17,14) (17,17) (18,10) (21,23) (22,9) (23,7) (24,12) 
# pairs of queens attacking each other: 11

Solution: (0,1) (0,11) (0,13) (1,5) (1,16) (1,20) (2,21) (2,24) (3,6) (5,3) (6,15) (7,0) (8,2) (9,8) (10,22) (11,18) (14,19) (15,4) (17,14) (17,17) (18,10) (21,23) (22,9) (23,7) (24,12) 
# pairs of queens attacking each other: 10

Solution: (0,1) (0,11) (0,13) (1,5) (1,16) (1,20) (2,21) (2,24) (3,6) (4,14) (5,3) (6,15) (7,0) (8,2) (9,8) (10,22) (11,18) (14,19) (15,4) (17,17) (18,10) (21,23) (22,9) (23,7) (24,12) 
# pairs of queens attacking each other: 8

Solution: (0,1) (0,11) (0,13) (1,5) (1,16) (1,20) (2,21) (2,24) (3,6) (4,14) (5,3) (7,0) (8,2) (9,8) (10,22) (11,18) (14,19) (15,4) (17,17) (18,10) (20,15) (21,23) (22,9) (23,7) (24,12) 
# pairs of queens attacking each other: 7

Solution: (0,1) (0,11) (0,13) (0,16) (1,5) (1,20) (2,21) (2,24) (3,6) (4,14) (5,3) (7,0) (8,2) (9,8) (10,22) (11,18) (14,19) (15,4) (17,17) (18,10) (20,15) (21,23) (22,9) (23,7) (24,12) 
# pairs of queens attacking each other: 6

Solution: (0,1) (0,11) (0,13) (0,16) (1,5) (1,20) (2,21) (2,24) (3,6) (4,14) (5,3) (7,0) (8,2) (9,8) (10,22) (11,18) (14,19) (15,4) (17,17) (18,10) (20,15) (21,23) (22,9) (23,7) (24,12) 
# pairs of queens attacking each other: 6


Solution: (0,1) (0,11) (0,13) (0,16) (1,5) (1,20) (2,21) (2,24) (3,6) (4,14) (5,3) (7,0) (8,2) (9,8) (10,22) (11,18) (14,19) (15,4) (17,17) (18,10) (20,15) (21,23) (22,9) (23,7) (24,12) 
# pairs of queens attacking each other: 6


Solution: (0,1) (0,11) (0,13) (0,16) (1,5) (1,20) (2,21) (2,24) (3,6) (4,14) (5,3) (7,0) (8,2) (9,8) (10,22) (11,18) (14,19) (15,4) (17,17) (18,10) (20,15) (21,23) (22,9) (23,7) (24,12) 
# pairs of queens attacking each other: 6


Solution: (0,1) (0,11) (0,13) (0,16) (0,20) (1,5) (2,21) (2,24) (3,6) (4,14) (5,3) (7,0) (8,2) (9,8) (10,22) (11,18) (14,19) (15,4) (17,17) (18,10) (20,15) (21,23) (22,9) (23,7) (24,12) 
# pairs of queens attacking each other: 5

Solution: (0,1) (0,11) (0,13) (0,16) (0,20) (1,5) (2,24) (3,6) (4,14) (5,3) (6,21) (7,0) (8,2) (9,8) (10,22) (11,18) (14,19) (15,4) (17,17) (18,10) (20,15) (21,23) (22,9) (23,7) (24,12) 
# pairs of queens attacking each other: 4

Solution: (0,1) (0,11) (0,13) (0,16) (0,20) (1,5) (2,24) (3,6) (4,14) (5,3) (6,21) (7,0) (8,2) (9,8) (10,22) (11,18) (14,19) (15,4) (17,17) (18,10) (20,15) (21,23) (22,9) (23,7) (24,12) 
# pairs of queens attacking each other: 4


Solution: (0,1) (0,11) (0,13) (0,16) (0,20) (1,5) (2,24) (3,6) (4,14) (5,3) (6,21) (7,0) (8,2) (9,8) (10,22) (11,18) (14,19) (15,4) (17,17) (18,10) (20,15) (21,23) (22,9) (23,7) (24,12) 
# pairs of queens attacking each other: 4


Solution: (0,1) (0,11) (0,13) (0,16) (0,20) (1,5) (2,24) (3,6) (4,14) (5,3) (6,21) (7,0) (8,2) (9,8) (10,22) (11,18) (14,19) (15,4) (17,17) (18,10) (20,15) (21,23) (22,9) (23,7) (24,12) 
# pairs of queens attacking each other: 4

Done in 1 restarts.
Run Time: 1.666 seconds
Queens: 25
Solution: (0,0) (1,14) (2,7) (2,13) (4,1) (4,15) (4,20) (6,12) (7,4) (7,21) (9,6) (13,3) (14,9) (15,16) (15,18) (16,17) (16,22) (16,24) (18,23) (21,10) (21,11) (22,5) (23,19) (24,2) (24,8) 
# pairs of queens attacking each other: 21

Solution: (0,0) (1,14) (2,7) (2,13) (3,1) (4,15) (4,20) (6,12) (7,4) (7,21) (9,6) (13,3) (14,9) (15,16) (15,18) (16,17) (16,22) (16,24) (18,23) (21,10) (21,11) (22,5) (23,19) (24,2) (24,8) 
# pairs of queens attacking each other: 19

Solution: (0,0) (1,14) (2,7) (2,13) (3,1) (4,15) (4,20) (6,12) (7,4) (7,21) (8,2) (9,6) (13,3) (14,9) (15,16) (15,18) (16,17) (16,22) (16,24) (18,23) (21,10) (21,11) (22,5) (23,19) (24,8) 
# pairs of queens attacking each other: 18

Solution: (0,0) (1,14) (2,7) (2,13) (3,1) (4,15) (4,20) (6,12) (7,4) (7,21) (8,2) (9,6) (10,3) (14,9) (15,16) (15,18) (16,17) (16,22) (16,24) (18,23) (21,10) (21,11) (22,5) (23,19) (24,8) 
# pairs of queens attacking each other: 17

Solution: (0,0) (1,14) (2,7) (2,13) (3,1) (4,15) (4,20) (6,12) (7,21) (8,2) (9,6) (10,3) (12,4) (14,9) (15,16) (15,18) (16,17) (16,22) (16,24) (18,23) (21,10) (21,11) (22,5) (23,19) (24,8) 
# pairs of queens attacking each other: 15

Solution: (0,0) (1,14) (2,7) (2,13) (3,1) (4,15) (4,20) (6,12) (7,21) (8,2) (9,6) (10,3) (12,4) (14,9) (15,16) (15,18) (16,17) (16,22) (16,24) (18,23) (21,10) (21,11) (22,5) (23,19) (24,8) 
# pairs of queens attacking each other: 15


Solution: (0,0) (1,14) (2,7) (2,13) (3,1) (4,15) (4,20) (6,12) (7,21) (8,2) (10,3) (12,4) (14,9) (15,16) (15,18) (16,17) (16,22) (16,24) (18,23) (19,6) (21,10) (21,11) (22,5) (23,19) (24,8) 
# pairs of queens attacking each other: 14

Solution: (0,0) (1,14) (2,13) (3,1) (4,15) (4,20) (5,7) (6,12) (7,21) (8,2) (10,3) (12,4) (14,9) (15,16) (15,18) (16,17) (16,22) (16,24) (18,23) (19,6) (21,10) (21,11) (22,5) (23,19) (24,8) 
# pairs of queens attacking each other: 12

Solution: (0,0) (1,14) (2,13) (3,1) (4,15) (4,20) (5,7) (6,12) (7,21) (8,2) (9,8) (10,3) (12,4) (14,9) (15,16) (15,18) (16,17) (16,22) (16,24) (18,23) (19,6) (21,10) (21,11) (22,5) (23,19) 
# pairs of queens attacking each other: 11

Solution: (0,0) (1,14) (2,13) (3,1) (4,15) (4,20) (5,7) (6,12) (7,21) (8,2) (9,8) (10,3) (12,4) (14,9) (15,16) (15,18) (16,17) (16,22) (16,24) (18,23) (19,6) (21,10) (21,11) (22,5) (23,19) 
# pairs of queens attacking each other: 11


Solution: (0,0) (1,14) (2,13) (3,1) (4,15) (4,20) (5,7) (6,12) (7,21) (8,2) (9,8) (10,3) (12,4) (14,9) (15,16) (15,18) (16,17) (16,22) (16,24) (18,23) (19,6) (21,11) (22,5) (23,19) (24,10) 
# pairs of queens attacking each other: 9

Solution: (0,0) (1,14) (2,13) (3,1) (4,15) (4,20) (5,7) (6,12) (7,21) (8,2) (9,8) (10,3) (12,4) (14,9) (15,16) (15,18) (16,17) (16,22) (16,24) (18,23) (19,6) (21,11) (22,5) (23,19) (24,10) 
# pairs of queens attacking each other: 9


Solution: (0,0) (1,14) (2,13) (3,1) (4,15) (4,20) (5,7) (6,12) (7,21) (8,2) (9,8) (10,3) (12,4) (14,9) (15,16) (15,18) (16,17) (16,22) (16,24) (18,23) (19,6) (21,11) (22,5) (23,19) (24,10) 
# pairs of queens attacking each other: 9


Solution: (0,0) (1,13) (1,14) (3,1) (4,15) (4,20) (5,7) (6,12) (7,21) (8,2) (9,8) (10,3) (12,4) (14,9) (15,16) (15,18) (16,17) (16,22) (16,24) (18,23) (19,6) (21,11) (22,5) (23,19) (24,10) 
# pairs of queens attacking each other: 8

Solution: (0,0) (1,13) (1,14) (3,1) (4,15) (4,20) (5,7) (6,12) (7,21) (8,2) (9,8) (10,3) (12,4) (14,9) (15,16) (15,18) (16,17) (16,22) (16,24) (18,23) (19,6) (21,11) (22,5) (23,19) (24,10) 
# pairs of queens attacking each other: 8


Solution: (0,0) (1,13) (1,14) (3,1) (4,20) (5,7) (6,12) (7,21) (8,2) (9,8) (10,3) (11,15) (12,4) (14,9) (15,16) (15,18) (16,17) (16,22) (16,24) (18,23) (19,6) (21,11) (22,5) (23,19) (24,10) 
# pairs of queens attacking each other: 7

Solution: (0,0) (1,13) (1,14) (3,1) (4,20) (5,7) (5,16) (6,12) (7,21) (8,2) (9,8) (10,3) (11,15) (12,4) (14,9) (15,18) (16,17) (16,22) (16,24) (18,23) (19,6) (21,11) (22,5) (23,19) (24,10) 
# pairs of queens attacking each other: 6

Solution: (0,0) (1,13) (1,14) (2,17) (3,1) (4,20) (5,7) (5,16) (6,12) (7,21) (8,2) (9,8) (10,3) (11,15) (12,4) (14,9) (15,18) (16,22) (16,24) (18,23) (19,6) (21,11) (22,5) (23,19) (24,10) 
# pairs of queens attacking each other: 4

Solution: (0,0) (1,13) (1,14) (2,17) (3,1) (4,20) (5,7) (5,16) (6,12) (7,21) (8,2) (9,8) (10,3) (11,15) (12,4) (14,9) (15,18) (16,22) (16,24) (18,23) (19,6) (21,11) (22,5) (23,19) (24,10) 
# pairs of queens attacking each other: 4


Solution: (0,0) (1,13) (1,14) (2,17) (3,1) (4,20) (5,7) (5,16) (6,12) (7,21) (8,2) (9,8) (10,3) (11,15) (12,4) (14,9) (15,18) (16,22) (16,24) (18,23) (19,6) (21,11) (22,5) (23,19) (24,10) 
# pairs of queens attacking each other: 4


Solution: (0,0) (1,13) (1,14) (2,17) (3,1) (4,20) (5,7) (5,16) (6,12) (7,21) (8,2) (9,8) (10,3) (11,15) (12,4) (14,9) (15,18) (16,22) (16,24) (18,23) (19,6) (21,11) (22,5) (23,19) (24,10) 
# pairs of queens attacking each other: 4


Solution: (0,0) (1,13) (1,14) (2,17) (3,1) (4,20) (5,7) (5,16) (6,12) (7,21) (8,2) (9,8) (10,3) (11,15) (12,4) (14,9) (15,18) (16,22) (16,24) (18,23) (19,6) (21,11) (22,5) (23,19) (24,10) 
# pairs of queens attacking each other: 4


Solution: (0,0) (1,13) (1,14) (2,17) (3,1) (4,20) (5,7) (5,16) (6,12) (7,21) (8,2) (9,8) (10,3) (11,15) (12,4) (13,22) (14,9) (15,18) (16,24) (18,23) (19,6) (21,11) (22,5) (23,19) (24,10) 
# pairs of queens attacking each other: 2

Solution: (0,0) (1,13) (1,14) (2,17) (3,1) (4,20) (5,7) (5,16) (6,12) (7,21) (8,2) (9,8) (10,3) (11,15) (12,4) (13,22) (14,9) (15,18) (16,24) (18,23) (19,6) (21,11) (22,5) (23,19) (24,10) 
# pairs of queens attacking each other: 2


Solution: (0,0) (1,13) (1,14) (2,17) (3,1) (4,20) (5,7) (5,16) (6,12) (7,21) (8,2) (9,8) (10,3) (11,15) (12,4) (13,22) (14,9) (15,18) (16,24) (18,23) (19,6) (21,11) (22,5) (23,19) (24,10) 
# pairs of queens attacking each other: 2

Done in 2 restarts.
Run Time: 2.465 seconds
Queens: 25
Solution: (0,14) (2,9) (3,5) (3,13) (4,21) (5,0) (6,4) (7,8) (8,2) (9,18) (9,22) (10,23) (13,17) (15,6) (16,15) (18,16) (18,20) (18,24) (19,19) (21,7) (21,10) (21,12) (22,3) (23,1) (23,11) 
# pairs of queens attacking each other: 18

Solution: (0,14) (2,9) (3,5) (3,13) (4,21) (5,0) (6,4) (7,8) (8,2) (9,18) (9,22) (10,23) (11,1) (13,17) (15,6) (16,15) (18,16) (18,20) (18,24) (19,19) (21,7) (21,10) (21,12) (22,3) (23,11) 
# pairs of queens attacking each other: 17

Solution: (0,14) (2,9) (3,5) (3,13) (4,21) (5,0) (6,4) (7,8) (9,18) (9,22) (10,23) (11,1) (13,17) (15,6) (16,15) (17,2) (18,16) (18,20) (18,24) (19,19) (21,7) (21,10) (21,12) (22,3) (23,11) 
# pairs of queens attacking each other: 16

Solution: (0,14) (2,9) (3,5) (3,13) (4,21) (5,0) (6,4) (7,8) (9,18) (9,22) (10,23) (11,1) (13,17) (15,6) (16,15) (17,2) (18,16) (18,20) (18,24) (19,19) (20,3) (21,7) (21,10) (21,12) (23,11) 
# pairs of queens attacking each other: 15

Solution: (0,14) (2,9) (3,5) (3,13) (4,21) (5,0) (7,8) (9,18) (9,22) (10,23) (11,1) (13,17) (15,6) (16,15) (17,2) (18,16) (18,20) (18,24) (19,19) (20,3) (21,7) (21,10) (21,12) (22,4) (23,11) 
# pairs of queens attacking each other: 14

Solution: (0,14) (2,9) (3,13) (4,21) (5,0) (7,8) (8,5) (9,18) (9,22) (10,23) (11,1) (13,17) (15,6) (16,15) (17,2) (18,16) (18,20) (18,24) (19,19) (20,3) (21,7) (21,10) (21,12) (22,4) (23,11) 
# pairs of queens attacking each other: 12

Solution: (0,14) (1,6) (2,9) (3,13) (4,21) (5,0) (7,8) (8,5) (9,18) (9,22) (10,23) (11,1) (13,17) (16,15) (17,2) (18,16) (18,20) (18,24) (19,19) (20,3) (21,7) (21,10) (21,12) (22,4) (23,11) 
# pairs of queens attacking each other: 11

Solution: (0,14) (1,6) (2,9) (3,13) (4,21) (5,0) (7,8) (8,5) (9,18) (9,22) (10,23) (11,1) (13,17) (14,7) (16,15) (17,2) (18,16) (18,20) (18,24) (19,19) (20,3) (21,10) (21,12) (22,4) (23,11) 
# pairs of queens attacking each other: 10

Solution: (0,14) (1,6) (2,9) (3,13) (4,21) (5,0) (7,8) (8,5) (9,18) (9,22) (10,23) (11,1) (13,17) (14,7) (16,15) (17,2) (18,16) (18,20) (18,24) (19,19) (20,3) (21,10) (21,12) (22,4) (23,11) 
# pairs of queens attacking each other: 10


Solution: (0,14) (1,6) (2,9) (3,13) (4,21) (5,0) (7,8) (8,5) (9,18) (9,22) (10,23) (11,1) (13,17) (14,7) (16,15) (17,2) (18,16) (18,20) (18,24) (19,19) (20,3) (21,10) (21,12) (22,4) (23,11) 
# pairs of queens attacking each other: 10


Solution: (0,14) (1,6) (2,9) (3,13) (4,21) (5,0) (7,8) (7,10) (8,5) (9,18) (9,22) (10,23) (11,1) (13,17) (14,7) (16,15) (17,2) (18,16) (18,20) (18,24) (19,19) (20,3) (21,12) (22,4) (23,11) 
# pairs of queens attacking each other: 9

Solution: (0,14) (1,6) (2,9) (3,13) (4,21) (5,0) (7,8) (7,10) (8,5) (9,18) (9,22) (10,23) (11,1) (13,17) (14,7) (16,15) (17,2) (18,16) (18,20) (18,24) (19,19) (20,3) (21,12) (22,4) (24,11) 
# pairs of queens attacking each other: 8

Solution: (0,14) (1,6) (2,9) (3,13) (4,21) (5,0) (7,8) (7,10) (8,5) (9,18) (9,22) (10,23) (11,1) (13,17) (14,7) (16,15) (17,2) (18,16) (18,20) (18,24) (19,19) (20,3) (21,12) (22,4) (24,11) 
# pairs of queens attacking each other: 8


Solution: (0,14) (1,6) (2,9) (3,13) (4,21) (5,0) (7,8) (7,10) (8,5) (9,18) (9,22) (10,23) (11,1) (13,17) (14,7) (16,15) (17,2) (18,16) (18,20) (18,24) (19,19) (20,3) (21,12) (22,4) (24,11) 
# pairs of queens attacking each other: 8


Solution: (0,14) (1,6) (2,9) (3,13) (4,21) (5,0) (7,8) (7,10) (8,5) (9,18) (9,22) (10,23) (11,1) (13,17) (14,7) (16,15) (17,2) (18,16) (18,20) (18,24) (19,19) (20,3) (21,12) (22,4) (24,11) 
# pairs of queens attacking each other: 8


Solution: (0,14) (1,6) (2,9) (3,13) (4,21) (5,0) (7,8) (7,10) (8,5) (9,18) (9,22) (10,23) (11,1) (13,17) (14,7) (16,15) (17,2) (18,16) (18,20) (18,24) (19,19) (20,3) (21,12) (22,4) (24,11) 
# pairs of queens attacking each other: 8


Solution: (0,14) (1,6) (2,9) (3,13) (4,21) (5,0) (7,8) (7,10) (8,5) (9,18) (9,22) (10,23) (11,1) (13,17) (14,7) (16,15) (17,2) (18,16) (18,20) (18,24) (19,19) (20,3) (21,12) (22,4) (24,11) 
# pairs of queens attacking each other: 8


Solution: (0,14) (1,6) (2,9) (3,13) (4,21) (5,0) (7,8) (7,10) (8,5) (9,18) (9,22) (10,23) (11,1) (13,17) (14,7) (16,15) (17,2) (18,16) (18,20) (18,24) (19,19) (20,3) (21,12) (22,4) (24,11) 
# pairs of queens attacking each other: 8


Solution: (0,14) (1,6) (2,9) (3,13) (4,21) (5,0) (6,18) (7,8) (7,10) (8,5) (9,22) (10,23) (11,1) (13,17) (14,7) (16,15) (17,2) (18,16) (18,20) (18,24) (19,19) (20,3) (21,12) (22,4) (24,11) 
# pairs of queens attacking each other: 7

Solution: (0,14) (1,6) (2,9) (3,13) (4,21) (5,0) (6,18) (7,8) (7,10) (8,5) (9,22) (10,23) (11,1) (13,17) (14,7) (16,15) (17,2) (18,16) (18,20) (18,24) (19,19) (20,3) (21,12) (22,4) (24,11) 
# pairs of queens attacking each other: 7


Solution: (0,14) (1,6) (2,9) (3,13) (4,21) (5,0) (6,18) (7,8) (7,10) (8,5) (9,22) (10,23) (11,1) (12,20) (13,17) (14,7) (16,15) (17,2) (18,16) (18,24) (19,19) (20,3) (21,12) (22,4) (24,11) 
# pairs of queens attacking each other: 5

Solution: (0,14) (1,6) (2,9) (3,13) (4,21) (5,0) (6,18) (7,8) (7,10) (8,5) (9,22) (10,23) (11,1) (12,20) (13,17) (14,7) (16,15) (17,2) (18,16) (18,24) (19,19) (20,3) (21,12) (22,4) (24,11) 
# pairs of queens attacking each other: 5


Solution: (0,14) (0,22) (1,6) (2,9) (3,13) (4,21) (5,0) (6,18) (7,8) (7,10) (8,5) (10,23) (11,1) (12,20) (13,17) (14,7) (16,15) (17,2) (18,16) (18,24) (19,19) (20,3) (21,12) (22,4) (24,11) 
# pairs of queens attacking each other: 4

Solution: (0,14) (0,22) (1,6) (2,9) (3,13) (4,21) (5,0) (6,18) (7,8) (7,10) (8,5) (10,23) (11,1) (12,20) (13,17) (14,7) (16,15) (17,2) (18,16) (18,24) (19,19) (20,3) (21,12) (22,4) (24,11) 
# pairs of queens attacking each other: 4


Solution: (0,14) (0,22) (1,6) (2,9) (3,13) (4,21) (5,0) (6,18) (7,8) (7,10) (8,5) (10,23) (11,1) (12,20) (13,17) (14,7) (15,24) (16,15) (17,2) (18,16) (19,19) (20,3) (21,12) (22,4) (24,11) 
# pairs of queens attacking each other: 3
Done in 3 restarts.
Run Time: 3.277 seconds
Queens: 25
Solution: (0,4) (3,1) (3,6) (3,7) (3,9) (5,22) (6,5) (6,24) (7,10) (7,14) (7,18) (7,19) (7,23) (8,0) (10,16) (10,17) (11,13) (14,11) (14,15) (17,20) (20,8) (20,21) (24,2) (24,3) (24,12) 
# pairs of queens attacking each other: 27

Solution: (0,4) (1,1) (3,6) (3,7) (3,9) (5,22) (6,5) (6,24) (7,10) (7,14) (7,18) (7,19) (7,23) (8,0) (10,16) (10,17) (11,13) (14,11) (14,15) (17,20) (20,8) (20,21) (24,2) (24,3) (24,12) 
# pairs of queens attacking each other: 25

Solution: (0,4) (1,1) (3,6) (3,7) (3,9) (4,2) (5,22) (6,5) (6,24) (7,10) (7,14) (7,18) (7,19) (7,23) (8,0) (10,16) (10,17) (11,13) (14,11) (14,15) (17,20) (20,8) (20,21) (24,3) (24,12) 
# pairs of queens attacking each other: 23

Solution: (0,4) (1,1) (3,6) (3,7) (3,9) (4,2) (5,22) (6,5) (6,24) (7,10) (7,14) (7,18) (7,19) (7,23) (8,0) (10,16) (10,17) (11,13) (12,3) (14,11) (14,15) (17,20) (20,8) (20,21) (24,12) 
# pairs of queens attacking each other: 21

Solution: (1,1) (3,6) (3,7) (3,9) (4,2) (5,22) (6,5) (6,24) (7,10) (7,14) (7,18) (7,19) (7,23) (8,0) (9,4) (10,16) (10,17) (11,13) (12,3) (14,11) (14,15) (17,20) (20,8) (20,21) (24,12) 
# pairs of queens attacking each other: 20

Solution: (0,5) (1,1) (3,6) (3,7) (3,9) (4,2) (5,22) (6,24) (7,10) (7,14) (7,18) (7,19) (7,23) (8,0) (9,4) (10,16) (10,17) (11,13) (12,3) (14,11) (14,15) (17,20) (20,8) (20,21) (24,12) 
# pairs of queens attacking each other: 19

Solution: (0,5) (1,1) (3,7) (3,9) (4,2) (5,22) (6,24) (7,10) (7,14) (7,18) (7,19) (7,23) (8,0) (9,4) (10,16) (10,17) (11,13) (12,3) (13,6) (14,11) (14,15) (17,20) (20,8) (20,21) (24,12) 
# pairs of queens attacking each other: 17

Solution: (0,5) (1,1) (3,7) (3,9) (4,2) (5,22) (6,24) (7,10) (7,14) (7,18) (7,19) (7,23) (8,0) (9,4) (10,16) (10,17) (11,13) (12,3) (13,6) (14,11) (14,15) (17,20) (20,8) (20,21) (24,12) 
# pairs of queens attacking each other: 17


Solution: (0,5) (1,1) (3,7) (3,9) (4,2) (5,22) (6,24) (7,10) (7,14) (7,18) (7,19) (7,23) (8,0) (9,4) (10,16) (10,17) (11,13) (12,3) (13,6) (14,11) (14,15) (17,20) (20,21) (23,8) (24,12) 
# pairs of queens attacking each other: 15

Solution: (0,5) (1,1) (3,7) (4,2) (5,22) (6,24) (7,10) (7,14) (7,18) (7,19) (7,23) (8,0) (9,4) (10,16) (10,17) (11,13) (12,3) (13,6) (14,11) (14,15) (17,20) (19,9) (20,21) (23,8) (24,12) 
# pairs of queens attacking each other: 13

Solution: (0,5) (1,1) (2,10) (3,7) (4,2) (5,22) (6,24) (7,14) (7,18) (7,19) (7,23) (8,0) (9,4) (10,16) (10,17) (11,13) (12,3) (13,6) (14,11) (14,15) (17,20) (19,9) (20,21) (23,8) (24,12) 
# pairs of queens attacking each other: 11

Solution: (0,5) (1,1) (2,10) (3,7) (4,2) (5,22) (6,24) (7,14) (7,18) (7,19) (7,23) (8,0) (9,4) (10,16) (10,17) (11,13) (12,3) (13,6) (14,15) (17,20) (19,9) (20,21) (22,11) (23,8) (24,12) 
# pairs of queens attacking each other: 9

Solution: (0,5) (1,1) (2,10) (3,7) (4,2) (5,22) (6,24) (7,14) (7,18) (7,19) (7,23) (8,0) (9,4) (10,16) (10,17) (11,13) (12,3) (13,6) (14,15) (17,20) (19,9) (20,21) (22,11) (23,8) (24,12) 
# pairs of queens attacking each other: 9


Solution: (0,5) (1,1) (2,10) (3,7) (4,2) (5,22) (6,24) (7,14) (7,18) (7,19) (7,23) (8,0) (9,4) (10,16) (10,17) (11,13) (12,3) (13,6) (14,15) (17,20) (19,9) (20,21) (22,11) (23,8) (24,12) 
# pairs of queens attacking each other: 9


Solution: (0,5) (1,1) (2,10) (3,7) (4,2) (5,22) (6,24) (7,18) (7,19) (7,23) (8,0) (9,4) (10,16) (10,17) (11,13) (12,3) (13,6) (14,15) (17,20) (18,14) (19,9) (20,21) (22,11) (23,8) (24,12) 
# pairs of queens attacking each other: 7

Solution: (0,5) (1,1) (2,10) (3,7) (4,2) (5,22) (6,24) (7,18) (7,19) (7,23) (8,0) (9,4) (10,16) (10,17) (11,13) (12,3) (13,6) (14,15) (17,20) (18,14) (19,9) (20,21) (22,11) (23,8) (24,12) 
# pairs of queens attacking each other: 7


Solution: (0,5) (1,1) (1,16) (2,10) (3,7) (4,2) (5,22) (6,24) (7,18) (7,19) (7,23) (8,0) (9,4) (10,17) (11,13) (12,3) (13,6) (14,15) (17,20) (18,14) (19,9) (20,21) (22,11) (23,8) (24,12) 
# pairs of queens attacking each other: 6

Solution: (0,5) (1,1) (1,16) (2,10) (3,7) (4,2) (5,22) (6,24) (7,18) (7,19) (7,23) (8,0) (9,4) (10,17) (11,13) (12,3) (13,6) (14,15) (17,20) (18,14) (19,9) (20,21) (22,11) (23,8) (24,12) 
# pairs of queens attacking each other: 6


Solution: (0,5) (1,1) (1,16) (2,10) (3,7) (4,2) (5,22) (6,24) (7,19) (7,23) (8,0) (9,4) (10,17) (11,13) (12,3) (13,6) (14,15) (17,20) (18,14) (19,9) (20,21) (21,18) (22,11) (23,8) (24,12) 
# pairs of queens attacking each other: 5

Solution: (0,5) (1,1) (1,16) (2,10) (3,7) (4,2) (5,22) (6,24) (7,19) (7,23) (8,0) (9,4) (10,17) (11,13) (12,3) (13,6) (14,15) (17,20) (18,14) (19,9) (20,21) (21,18) (22,11) (23,8) (24,12) 
# pairs of queens attacking each other: 5


Solution: (0,5) (1,1) (1,16) (2,10) (3,7) (4,2) (5,22) (6,24) (7,19) (7,23) (8,0) (9,4) (10,17) (11,13) (12,3) (13,6) (14,15) (17,20) (18,14) (19,9) (20,21) (21,18) (22,11) (23,8) (24,12) 
# pairs of queens attacking each other: 5


Solution: (0,5) (1,1) (1,16) (2,10) (3,7) (4,2) (5,22) (6,24) (7,19) (7,23) (8,0) (9,4) (10,17) (11,13) (12,3) (13,6) (14,15) (17,20) (18,14) (19,9) (20,21) (21,18) (22,11) (23,8) (24,12) 
# pairs of queens attacking each other: 5


Solution: (0,5) (1,1) (1,16) (2,10) (3,7) (4,2) (6,24) (7,19) (7,23) (8,0) (9,4) (10,17) (11,13) (12,3) (13,6) (14,15) (16,22) (17,20) (18,14) (19,9) (20,21) (21,18) (22,11) (23,8) (24,12) 
# pairs of queens attacking each other: 4

Solution: (0,5) (0,23) (1,1) (1,16) (2,10) (3,7) (4,2) (6,24) (7,19) (8,0) (9,4) (10,17) (11,13) (12,3) (13,6) (14,15) (16,22) (17,20) (18,14) (19,9) (20,21) (21,18) (22,11) (23,8) (24,12) 
# pairs of queens attacking each other: 3

Solution: (0,5) (0,23) (1,1) (1,16) (2,10) (3,7) (4,2) (6,24) (7,19) (8,0) (9,4) (10,17) (11,13) (12,3) (13,6) (14,15) (16,22) (17,20) (18,14) (19,9) (20,21) (21,18) (22,11) (23,8) (24,12) 
# pairs of queens attacking each other: 3

Done in 4 restarts.
Run Time: 4.044 seconds
Queens: 25
Solution: (1,0) (2,13) (2,19) (3,15) (4,12) (6,17) (6,22) (7,18) (9,9) (9,23) (11,11) (12,5) (12,10) (13,16) (14,20) (18,2) (18,6) (20,3) (20,7) (21,1) (21,21) (21,24) (22,4) (22,14) (23,8) 
# pairs of queens attacking each other: 18

Solution: (1,0) (2,13) (2,19) (3,15) (4,12) (5,1) (6,17) (6,22) (7,18) (9,9) (9,23) (11,11) (12,5) (12,10) (13,16) (14,20) (18,2) (18,6) (20,3) (20,7) (21,21) (21,24) (22,4) (22,14) (23,8) 
# pairs of queens attacking each other: 16

Solution: (0,2) (1,0) (2,13) (2,19) (3,15) (4,12) (5,1) (6,17) (6,22) (7,18) (9,9) (9,23) (11,11) (12,5) (12,10) (13,16) (14,20) (18,6) (20,3) (20,7) (21,21) (21,24) (22,4) (22,14) (23,8) 
# pairs of queens attacking each other: 15

Solution: (0,2) (1,0) (2,13) (2,19) (3,15) (4,12) (5,1) (6,17) (6,22) (7,18) (8,3) (9,9) (9,23) (11,11) (12,5) (12,10) (13,16) (14,20) (18,6) (20,7) (21,21) (21,24) (22,4) (22,14) (23,8) 
# pairs of queens attacking each other: 13

Solution: (0,2) (1,0) (2,13) (2,19) (3,15) (4,12) (5,1) (6,17) (6,22) (7,18) (8,3) (9,9) (9,23) (10,4) (11,11) (12,5) (12,10) (13,16) (14,20) (18,6) (20,7) (21,21) (21,24) (22,14) (23,8) 
# pairs of queens attacking each other: 12

Solution: (0,2) (1,0) (2,13) (2,19) (3,15) (4,12) (5,1) (6,17) (6,22) (7,18) (8,3) (9,9) (9,23) (10,4) (11,11) (12,10) (13,16) (14,20) (15,5) (18,6) (20,7) (21,21) (21,24) (22,14) (23,8) 
# pairs of queens attacking each other: 11

Solution: (0,2) (1,0) (2,13) (2,19) (3,15) (4,12) (5,1) (6,17) (6,22) (7,18) (8,3) (9,9) (9,23) (10,4) (11,11) (12,10) (13,16) (14,20) (15,5) (18,6) (20,7) (21,21) (21,24) (22,14) (23,8) 
# pairs of queens attacking each other: 11


Solution: (0,2) (1,0) (2,13) (2,19) (3,15) (4,12) (5,1) (6,17) (6,22) (7,18) (8,3) (9,9) (9,23) (10,4) (11,11) (12,10) (13,16) (14,20) (15,5) (18,6) (20,7) (21,21) (21,24) (22,14) (23,8) 
# pairs of queens attacking each other: 11


Solution: (0,2) (1,0) (2,13) (2,19) (3,15) (4,12) (5,1) (6,17) (6,22) (7,18) (8,3) (9,9) (9,23) (10,4) (11,11) (12,10) (13,16) (14,20) (15,5) (18,6) (20,7) (21,21) (21,24) (22,14) (23,8) 
# pairs of queens attacking each other: 11


Solution: (0,2) (0,9) (1,0) (2,13) (2,19) (3,15) (4,12) (5,1) (6,17) (6,22) (7,18) (8,3) (9,23) (10,4) (11,11) (12,10) (13,16) (14,20) (15,5) (18,6) (20,7) (21,21) (21,24) (22,14) (23,8) 
# pairs of queens attacking each other: 9

Solution: (0,2) (0,9) (1,0) (2,13) (2,19) (3,15) (4,12) (5,1) (6,17) (6,22) (7,18) (8,3) (9,23) (10,4) (11,11) (12,10) (13,16) (14,20) (15,5) (18,6) (20,7) (21,21) (21,24) (22,14) (23,8) 
# pairs of queens attacking each other: 9


Solution: (0,2) (0,9) (1,0) (1,11) (2,13) (2,19) (3,15) (4,12) (5,1) (6,17) (6,22) (7,18) (8,3) (9,23) (10,4) (12,10) (13,16) (14,20) (15,5) (18,6) (20,7) (21,21) (21,24) (22,14) (23,8) 
# pairs of queens attacking each other: 8

Solution: (0,2) (0,9) (1,0) (1,11) (2,13) (2,19) (3,15) (4,12) (5,1) (6,17) (6,22) (7,18) (8,3) (9,23) (10,4) (12,10) (13,16) (14,20) (15,5) (18,6) (20,7) (21,21) (21,24) (22,14) (23,8) 
# pairs of queens attacking each other: 8


Solution: (0,2) (0,9) (1,0) (1,11) (2,19) (3,15) (4,12) (5,1) (6,17) (6,22) (7,18) (8,3) (9,23) (10,4) (12,10) (13,16) (14,20) (15,5) (18,6) (20,7) (21,21) (21,24) (22,14) (23,8) (24,13) 
# pairs of queens attacking each other: 6

Solution: (0,2) (0,9) (1,0) (1,11) (2,19) (3,15) (4,12) (5,1) (6,17) (6,22) (7,18) (8,3) (9,23) (10,4) (12,10) (13,16) (14,20) (15,5) (18,6) (20,7) (21,21) (21,24) (22,14) (23,8) (24,13) 
# pairs of queens attacking each other: 6


Solution: (0,2) (0,9) (1,0) (1,11) (2,19) (3,15) (4,12) (5,1) (6,17) (6,22) (7,18) (8,3) (9,23) (10,4) (12,10) (13,16) (14,20) (15,5) (18,6) (20,7) (21,21) (21,24) (22,14) (23,8) (24,13) 
# pairs of queens attacking each other: 6


Solution: (0,2) (0,9) (1,0) (1,11) (2,19) (3,15) (4,12) (5,1) (6,17) (6,22) (7,18) (8,3) (9,23) (10,4) (12,10) (14,20) (15,5) (18,6) (19,16) (20,7) (21,21) (21,24) (22,14) (23,8) (24,13) 
# pairs of queens attacking each other: 5

Solution: (0,2) (0,9) (1,0) (1,11) (2,19) (3,15) (4,12) (5,1) (6,22) (7,18) (8,3) (9,23) (10,4) (12,10) (13,17) (14,20) (15,5) (18,6) (19,16) (20,7) (21,21) (21,24) (22,14) (23,8) (24,13) 
# pairs of queens attacking each other: 3

Solution: (0,2) (0,9) (1,0) (1,11) (2,19) (3,15) (4,12) (5,1) (6,22) (7,18) (8,3) (9,23) (10,4) (12,10) (13,17) (14,20) (15,5) (18,6) (19,16) (20,7) (21,21) (21,24) (22,14) (23,8) (24,13) 
# pairs of queens attacking each other: 3


Solution: (0,2) (0,9) (1,0) (1,11) (2,19) (3,15) (4,12) (5,1) (6,22) (7,18) (8,3) (9,23) (10,4) (12,10) (13,17) (14,20) (15,5) (18,6) (19,16) (20,7) (21,21) (21,24) (22,14) (23,8) (24,13) 
# pairs of queens attacking each other: 3


Solution: (0,2) (0,9) (1,0) (1,11) (2,19) (3,15) (4,12) (5,1) (6,22) (7,18) (8,3) (9,23) (10,4) (12,10) (13,17) (14,20) (15,5) (18,6) (19,16) (20,7) (21,21) (21,24) (22,14) (23,8) (24,13) 
# pairs of queens attacking each other: 3


Solution: (0,2) (0,9) (1,0) (1,11) (2,19) (3,15) (4,12) (5,1) (6,22) (7,18) (8,3) (9,23) (10,4) (12,10) (13,17) (14,20) (15,5) (18,6) (19,16) (20,7) (21,21) (21,24) (22,14) (23,8) (24,13) 
# pairs of queens attacking each other: 3


Solution: (0,2) (0,9) (1,0) (1,11) (2,19) (3,15) (4,12) (5,1) (6,22) (7,18) (8,3) (9,23) (10,4) (12,10) (13,17) (14,20) (15,5) (18,6) (19,16) (20,7) (21,21) (21,24) (22,14) (23,8) (24,13) 
# pairs of queens attacking each other: 3


Solution: (0,2) (0,9) (1,0) (1,11) (2,19) (3,15) (4,12) (5,1) (6,22) (7,18) (8,3) (9,23) (10,4) (12,10) (13,17) (14,20) (15,5) (18,6) (19,16) (20,7) (21,21) (21,24) (22,14) (23,8) (24,13) 
# pairs of queens attacking each other: 3


Solution: (0,2) (0,9) (1,0) (1,11) (2,19) (3,15) (4,12) (5,1) (6,22) (7,18) (8,3) (9,23) (10,4) (12,10) (13,17) (14,20) (15,5) (17,24) (18,6) (19,16) (20,7) (21,21) (22,14) (23,8) (24,13) 
# pairs of queens attacking each other: 2
Done in 5 restarts.
Run Time: 4.905 seconds
Queens: 25