
Solution: (0,8) (0,12) (0,14) (0,20) (3,9) (3,13) (4,7) (5,2) (5,22) (6,5) (6,10) (10,3) (10,15) (10,16) (11,1) (11,19) (15,4) (15,23) (15,24) (18,6) (18,17) (19,11) (20,21) (22,0) (24,18) 
# pairs of queens attacking each other: 21


Solution: (0,8) (0,12) (0,14) (0,20) (1,1) (3,9) (3,13) (4,7) (5,2) (5,22) (6,5) (6,10) (10,3) (10,15) (10,16) (11,19) (15,4) (15,23) (15,24) (18,6) (18,17) (19,11) (20,21) (22,0) (24,18) 
# pairs of queens attacking each other: 19

Solution: (0,8) (0,12) (0,14) (0,20) (1,1) (3,9) (3,13) (4,7) (5,22) (6,5) (6,10) (7,2) (10,3) (10,15) (10,16) (11,19) (15,4) (15,23) (15,24) (18,6) (18,17) (19,11) (20,21) (22,0) (24,18) 
# pairs of queens attacking each other: 18

Solution: (0,8) (0,12) (0,14) (0,20) (1,1) (3,9) (3,13) (4,7) (5,22) (6,5) (6,10) (7,2) (10,15) (10,16) (11,19) (12,3) (15,4) (15,23) (15,24) (18,6) (18,17) (19,11) (20,21) (22,0) (24,18) 
# pairs of queens attacking each other: 17

Solution: (0,8) (0,12) (0,14) (0,20) (1,1) (2,4) (3,9) (3,13) (4,7) (5,22) (6,5) (6,10) (7,2) (10,15) (10,16) (11,19) (12,3) (15,23) (15,24) (18,6) (18,17) (19,11) (20,21) (22,0) (24,18) 
# pairs of queens attacking each other: 16

Solution: (0,8) (0,12) (0,14) (0,20) (1,1) (2,4) (3,9) (3,13) (4,7) (5,22) (6,10) (7,2) (8,5) (10,15) (10,16) (11,19) (12,3) (15,23) (15,24) (18,6) (18,17) (19,11) (20,21) (22,0) (24,18) 
# pairs of queens attacking each other: 13

Solution: (0,8) (0,12) (0,14) (0,20) (1,1) (2,4) (3,9) (3,13) (4,7) (5,22) (6,10) (7,2) (8,5) (10,15) (10,16) (11,19) (12,3) (13,6) (15,23) (15,24) (18,17) (19,11) (20,21) (22,0) (24,18) 
# pairs of queens attacking each other: 12

Solution: (0,8) (0,12) (0,14) (0,20) (1,1) (2,4) (3,9) (3,13) (4,7) (5,22) (6,10) (7,2) (8,5) (10,15) (10,16) (11,19) (12,3) (13,6) (15,23) (15,24) (18,17) (19,11) (20,21) (22,0) (24,18) 
# pairs of queens attacking each other: 12


Solution: (0,12) (0,14) (0,20) (1,1) (2,4) (3,9) (3,13) (4,7) (5,22) (6,10) (7,2) (8,5) (10,15) (10,16) (11,19) (12,3) (13,6) (15,23) (15,24) (18,17) (19,11) (20,21) (21,8) (22,0) (24,18) 
# pairs of queens attacking each other: 10

Solution: (0,12) (0,14) (0,20) (1,1) (2,4) (3,13) (4,7) (5,22) (6,10) (7,2) (8,5) (10,15) (10,16) (11,19) (12,3) (13,6) (15,23) (15,24) (18,17) (19,11) (20,21) (21,8) (22,0) (23,9) (24,18) 
# pairs of queens attacking each other: 7

Solution: (0,12) (0,14) (0,20) (1,1) (2,4) (3,13) (4,7) (5,22) (7,2) (8,5) (10,15) (10,16) (11,19) (12,3) (13,6) (14,10) (15,23) (15,24) (18,17) (19,11) (20,21) (21,8) (22,0) (23,9) (24,18) 
# pairs of queens attacking each other: 6

Solution: (0,12) (0,14) (0,20) (1,1) (2,4) (3,13) (4,7) (5,22) (7,2) (8,5) (10,15) (10,16) (11,19) (12,3) (13,6) (14,10) (15,23) (15,24) (18,17) (19,11) (20,21) (21,8) (22,0) (23,9) (24,18) 
# pairs of queens attacking each other: 6


Solution: (0,12) (0,14) (0,20) (1,1) (2,4) (3,13) (4,7) (5,22) (7,2) (8,5) (10,15) (10,16) (11,19) (12,3) (13,6) (14,10) (15,23) (15,24) (18,17) (19,11) (20,21) (21,8) (22,0) (23,9) (24,18) 
# pairs of queens attacking each other: 6


Solution: (0,12) (0,14) (0,20) (1,1) (2,4) (3,13) (4,7) (5,22) (7,2) (8,5) (10,15) (10,16) (11,19) (12,3) (13,6) (14,10) (15,23) (15,24) (18,17) (19,11) (20,21) (21,8) (22,0) (23,9) (24,18) 
# pairs of queens attacking each other: 6


Solution: (0,12) (0,14) (0,20) (1,1) (2,4) (3,13) (4,7) (5,22) (7,2) (8,5) (10,15) (10,16) (11,19) (12,3) (13,6) (14,10) (15,23) (15,24) (18,17) (19,11) (20,21) (21,8) (22,0) (23,9) (24,18) 
# pairs of queens attacking each other: 6


Solution: (0,12) (0,14) (0,20) (1,1) (2,4) (3,13) (4,7) (5,22) (7,2) (8,5) (10,15) (10,16) (11,19) (12,3) (13,6) (14,10) (15,23) (15,24) (18,17) (19,11) (20,21) (21,8) (22,0) (23,9) (24,18) 
# pairs of queens attacking each other: 6


Solution: (0,12) (0,14) (0,20) (1,1) (2,4) (3,13) (4,7) (5,22) (7,2) (8,5) (10,15) (10,16) (11,19) (12,3) (13,6) (14,10) (15,23) (15,24) (18,17) (19,11) (20,21) (21,8) (22,0) (23,9) (24,18) 
# pairs of queens attacking each other: 6


Solution: (0,12) (0,14) (0,20) (1,1) (2,4) (3,13) (4,7) (5,22) (7,2) (8,5) (10,15) (10,16) (11,19) (12,3) (13,6) (14,10) (15,23) (15,24) (18,17) (19,11) (20,21) (21,8) (22,0) (23,9) (24,18) 
# pairs of queens attacking each other: 6


Solution: (0,12) (0,14) (0,20) (1,1) (2,4) (3,13) (4,7) (5,22) (7,2) (8,5) (10,15) (10,16) (11,19) (12,3) (13,6) (14,10) (15,23) (15,24) (18,17) (19,11) (20,21) (21,8) (22,0) (23,9) (24,18) 
# pairs of queens attacking each other: 6


Solution: (0,12) (0,14) (0,20) (1,1) (2,4) (3,13) (4,7) (4,19) (5,22) (7,2) (8,5) (10,15) (10,16) (12,3) (13,6) (14,10) (15,23) (15,24) (18,17) (19,11) (20,21) (21,8) (22,0) (23,9) (24,18) 
# pairs of queens attacking each other: 5

Solution: (0,12) (0,14) (1,1) (2,4) (3,13) (4,7) (4,19) (5,22) (7,2) (8,5) (10,15) (10,16) (12,3) (13,6) (14,10) (15,23) (15,24) (16,20) (18,17) (19,11) (20,21) (21,8) (22,0) (23,9) (24,18) 
# pairs of queens attacking each other: 4

Solution: (0,12) (0,14) (1,1) (2,4) (3,13) (4,7) (4,19) (5,22) (7,2) (8,5) (10,15) (10,16) (12,3) (13,6) (14,10) (15,23) (15,24) (16,20) (18,17) (19,11) (20,21) (21,8) (22,0) (23,9) (24,18) 
# pairs of queens attacking each other: 4


Solution: (0,12) (0,14) (1,1) (2,4) (3,13) (4,7) (4,19) (5,22) (7,2) (8,5) (10,15) (10,16) (12,3) (13,6) (14,10) (15,23) (15,24) (16,20) (18,17) (19,11) (20,21) (21,8) (22,0) (23,9) (24,18) 
# pairs of queens attacking each other: 4


Solution: (0,12) (0,14) (1,1) (2,4) (3,13) (4,7) (4,19) (5,22) (7,2) (8,5) (10,15) (10,16) (12,3) (13,6) (14,10) (15,23) (15,24) (16,20) (18,17) (19,11) (20,21) (21,8) (22,0) (23,9) (24,18) 
# pairs of queens attacking each other: 4


Solution: (0,12) (0,14) (1,1) (2,4) (3,13) (4,7) (4,19) (5,22) (7,2) (8,5) (10,15) (10,16) (12,3) (13,6) (14,10) (15,23) (15,24) (16,20) (18,17) (19,11) (20,21) (21,8) (22,0) (23,9) (24,18) 
# pairs of queens attacking each other: 4

Done in 0 restarts.
Run Time: 0.814 seconds
Queens: 25
Solution: (0,0) (1,11) (1,24) (2,20) (2,22) (3,15) (4,17) (4,23) (8,1) (8,6) (8,14) (10,4) (10,9) (10,21) (12,8) (17,2) (17,19) (18,3) (18,5) (19,7) (19,13) (19,16) (21,12) (22,10) (23,18) 
# pairs of queens attacking each other: 19

Solution: (0,0) (1,11) (1,24) (2,20) (2,22) (3,15) (4,17) (4,23) (8,6) (8,14) (9,1) (10,4) (10,9) (10,21) (12,8) (17,2) (17,19) (18,3) (18,5) (19,7) (19,13) (19,16) (21,12) (22,10) (23,18) 
# pairs of queens attacking each other: 18

Solution: (0,0) (1,11) (1,24) (2,20) (2,22) (3,15) (4,17) (4,23) (8,6) (8,14) (9,1) (10,4) (10,9) (10,21) (12,8) (13,2) (17,19) (18,3) (18,5) (19,7) (19,13) (19,16) (21,12) (22,10) (23,18) 
# pairs of queens attacking each other: 15

Solution: (0,0) (0,3) (1,11) (1,24) (2,20) (2,22) (3,15) (4,17) (4,23) (8,6) (8,14) (9,1) (10,4) (10,9) (10,21) (12,8) (13,2) (17,19) (18,5) (19,7) (19,13) (19,16) (21,12) (22,10) (23,18) 
# pairs of queens attacking each other: 14

Solution: (0,0) (0,3) (1,11) (1,24) (2,20) (2,22) (3,15) (4,17) (4,23) (8,6) (8,14) (9,1) (10,9) (10,21) (12,8) (13,2) (17,19) (18,5) (19,7) (19,13) (19,16) (21,12) (22,10) (23,18) (24,4) 
# pairs of queens attacking each other: 11

Solution: (0,0) (0,3) (1,11) (1,24) (2,20) (2,22) (3,15) (4,17) (4,23) (8,6) (8,14) (9,1) (10,9) (10,21) (12,8) (13,2) (17,19) (18,5) (19,7) (19,13) (19,16) (21,12) (22,10) (23,18) (24,4) 
# pairs of queens attacking each other: 11


Solution: (0,0) (0,3) (1,11) (1,24) (2,20) (2,22) (3,15) (4,17) (4,23) (5,6) (8,14) (9,1) (10,9) (10,21) (12,8) (13,2) (17,19) (18,5) (19,7) (19,13) (19,16) (21,12) (22,10) (23,18) (24,4) 
# pairs of queens attacking each other: 10

Solution: (0,0) (0,3) (0,7) (1,11) (1,24) (2,20) (2,22) (3,15) (4,17) (4,23) (5,6) (8,14) (9,1) (10,9) (10,21) (12,8) (13,2) (17,19) (18,5) (19,13) (19,16) (21,12) (22,10) (23,18) (24,4) 
# pairs of queens attacking each other: 9

Solution: (0,0) (0,3) (0,7) (1,11) (1,24) (2,20) (2,22) (3,15) (4,17) (4,23) (5,6) (8,14) (9,1) (10,9) (10,21) (12,8) (13,2) (17,19) (18,5) (19,13) (19,16) (21,12) (22,10) (23,18) (24,4) 
# pairs of queens attacking each other: 9


Solution: (0,0) (0,3) (0,7) (1,11) (1,24) (2,20) (2,22) (3,15) (4,17) (4,23) (5,6) (8,14) (9,1) (10,9) (10,21) (12,8) (13,2) (17,19) (18,5) (19,13) (19,16) (21,12) (22,10) (23,18) (24,4) 
# pairs of queens attacking each other: 9


Solution: (0,0) (0,3) (0,7) (1,11) (1,24) (2,20) (2,22) (3,15) (4,17) (4,23) (5,6) (6,10) (8,14) (9,1) (10,9) (10,21) (12,8) (13,2) (17,19) (18,5) (19,13) (19,16) (21,12) (23,18) (24,4) 
# pairs of queens attacking each other: 8

Solution: (0,0) (0,3) (0,7) (1,11) (1,24) (2,20) (2,22) (3,15) (4,17) (4,23) (5,6) (6,10) (8,14) (9,1) (10,9) (10,21) (12,8) (13,2) (17,19) (18,5) (19,13) (19,16) (21,12) (23,18) (24,4) 
# pairs of queens attacking each other: 8


Solution: (0,0) (0,3) (0,7) (1,11) (1,24) (2,20) (2,22) (3,15) (4,17) (4,23) (5,6) (6,10) (8,14) (9,1) (10,9) (10,21) (12,8) (13,2) (17,19) (18,5) (19,13) (19,16) (21,12) (23,18) (24,4) 
# pairs of queens attacking each other: 8


Solution: (0,0) (0,3) (0,7) (1,11) (1,24) (2,20) (2,22) (3,15) (4,17) (4,23) (5,6) (6,10) (8,14) (9,1) (10,9) (10,21) (12,8) (13,2) (17,19) (18,5) (19,13) (19,16) (21,12) (23,18) (24,4) 
# pairs of queens attacking each other: 8


Solution: (0,0) (0,3) (0,7) (1,11) (1,24) (2,20) (2,22) (3,15) (4,17) (4,23) (5,6) (6,10) (9,1) (10,9) (10,21) (12,8) (13,2) (16,14) (17,19) (18,5) (19,13) (19,16) (21,12) (23,18) (24,4) 
# pairs of queens attacking each other: 7

Solution: (0,0) (0,3) (0,7) (1,11) (1,24) (2,20) (2,22) (3,15) (4,17) (4,23) (5,6) (6,10) (9,1) (10,9) (10,21) (12,8) (13,2) (16,14) (17,19) (18,5) (19,13) (19,16) (21,12) (23,18) (24,4) 
# pairs of queens attacking each other: 7


Solution: (0,0) (0,3) (0,7) (1,11) (1,24) (2,20) (2,22) (3,15) (4,17) (4,23) (5,6) (6,10) (9,1) (10,9) (10,21) (12,8) (13,2) (16,14) (17,19) (18,5) (19,13) (19,16) (21,12) (23,18) (24,4) 
# pairs of queens attacking each other: 7


Solution: (0,0) (0,3) (0,7) (1,11) (1,24) (2,20) (2,22) (3,15) (4,17) (4,23) (5,6) (6,10) (9,1) (10,9) (10,21) (12,8) (13,2) (16,14) (17,19) (18,5) (19,13) (19,16) (21,12) (23,18) (24,4) 
# pairs of queens attacking each other: 7


Solution: (0,0) (0,3) (0,7) (1,11) (1,24) (2,20) (2,22) (3,15) (4,17) (4,23) (5,6) (6,10) (9,1) (10,9) (10,21) (12,8) (13,2) (16,14) (17,19) (18,5) (19,13) (19,16) (21,12) (23,18) (24,4) 
# pairs of queens attacking each other: 7


Solution: (0,0) (0,3) (0,7) (1,11) (1,24) (2,20) (2,22) (3,15) (4,17) (4,23) (5,6) (6,10) (9,1) (10,9) (10,21) (12,8) (13,2) (16,14) (17,19) (18,5) (19,13) (19,16) (21,12) (23,18) (24,4) 
# pairs of queens attacking each other: 7


Solution: (0,0) (0,3) (0,7) (1,11) (1,24) (2,22) (3,15) (4,17) (4,23) (5,6) (6,10) (9,1) (10,9) (10,21) (12,8) (13,2) (14,20) (16,14) (17,19) (18,5) (19,13) (19,16) (21,12) (23,18) (24,4) 
# pairs of queens attacking each other: 6

Solution: (0,0) (0,3) (0,7) (1,11) (1,24) (2,22) (3,15) (4,17) (4,23) (5,6) (6,10) (9,1) (10,9) (10,21) (12,8) (13,2) (14,20) (16,14) (17,19) (18,5) (19,13) (19,16) (21,12) (23,18) (24,4) 
# pairs of queens attacking each other: 6


Solution: (0,0) (0,3) (0,7) (1,11) (1,24) (2,22) (3,15) (4,17) (4,23) (5,6) (6,10) (9,1) (10,9) (10,21) (12,8) (13,2) (14,20) (16,14) (17,19) (18,5) (19,13) (19,16) (21,12) (23,18) (24,4) 
# pairs of queens attacking each other: 6


Solution: (0,0) (0,3) (0,7) (1,11) (1,24) (2,22) (3,15) (4,17) (5,6) (6,10) (9,1) (10,9) (10,21) (12,8) (13,2) (14,20) (15,23) (16,14) (17,19) (18,5) (19,13) (19,16) (21,12) (23,18) (24,4) 
# pairs of queens attacking each other: 5

Solution: (0,0) (0,3) (0,7) (1,11) (1,24) (2,22) (3,15) (4,17) (5,6) (6,10) (9,1) (10,9) (10,21) (12,8) (13,2) (14,20) (15,23) (16,14) (17,19) (18,5) (19,13) (19,16) (21,12) (23,18) (24,4) 
# pairs of queens attacking each other: 5

Done in 1 restarts.
Run Time: 1.597 seconds
Queens: 25
Solution: (0,6) (2,5) (2,23) (2,24) (3,0) (4,13) (5,14) (6,12) (6,19) (7,1) (8,16) (9,7) (9,17) (10,2) (11,15) (12,3) (13,20) (17,8) (19,4) (19,9) (19,18) (19,22) (23,10) (23,21) (24,11) 
# pairs of queens attacking each other: 20


Solution: (0,6) (2,5) (2,23) (2,24) (3,0) (4,13) (5,14) (6,12) (6,19) (7,1) (8,16) (9,7) (9,17) (10,2) (11,15) (12,3) (13,20) (17,8) (19,4) (19,9) (19,18) (19,22) (23,10) (23,21) (24,11) 
# pairs of queens attacking each other: 20


Solution: (0,6) (2,5) (2,23) (2,24) (3,0) (4,13) (5,14) (6,12) (6,19) (7,1) (8,16) (9,7) (9,17) (10,2) (11,15) (12,3) (13,20) (17,8) (19,4) (19,9) (19,18) (19,22) (23,10) (23,21) (24,11) 
# pairs of queens attacking each other: 20


Solution: (0,6) (1,3) (2,5) (2,23) (2,24) (3,0) (4,13) (5,14) (6,12) (6,19) (7,1) (8,16) (9,7) (9,17) (10,2) (11,15) (13,20) (17,8) (19,4) (19,9) (19,18) (19,22) (23,10) (23,21) (24,11) 
# pairs of queens attacking each other: 19

Solution: (0,6) (1,3) (2,5) (2,23) (2,24) (3,0) (4,13) (5,14) (6,12) (6,19) (7,1) (8,16) (9,7) (9,17) (10,2) (11,15) (13,20) (16,4) (17,8) (19,9) (19,18) (19,22) (23,10) (23,21) (24,11) 
# pairs of queens attacking each other: 18

Solution: (0,6) (1,3) (2,23) (2,24) (3,0) (4,13) (5,14) (6,12) (6,19) (7,1) (8,16) (9,7) (9,17) (10,2) (11,15) (13,20) (16,4) (17,8) (19,9) (19,18) (19,22) (22,5) (23,10) (23,21) (24,11) 
# pairs of queens attacking each other: 16

Solution: (0,6) (1,3) (2,23) (2,24) (3,0) (4,13) (5,14) (6,12) (6,19) (7,1) (8,16) (9,7) (9,17) (10,2) (11,15) (13,20) (16,4) (17,8) (19,9) (19,18) (19,22) (22,5) (23,10) (23,21) (24,11) 
# pairs of queens attacking each other: 16


Solution: (0,6) (1,3) (2,23) (2,24) (3,0) (4,13) (5,14) (6,12) (6,19) (7,1) (8,16) (9,17) (10,2) (11,15) (13,20) (14,7) (16,4) (17,8) (19,9) (19,18) (19,22) (22,5) (23,10) (23,21) (24,11) 
# pairs of queens attacking each other: 14

Solution: (0,6) (1,3) (2,23) (2,24) (3,0) (4,13) (5,14) (6,12) (6,19) (7,1) (8,16) (9,17) (10,2) (11,15) (13,20) (14,7) (16,4) (17,8) (19,9) (19,18) (19,22) (22,5) (23,10) (23,21) (24,11) 
# pairs of queens attacking each other: 14


Solution: (0,6) (1,3) (2,23) (2,24) (3,0) (4,13) (5,14) (6,12) (6,19) (7,1) (8,16) (9,17) (10,2) (11,15) (13,20) (14,7) (16,4) (17,8) (19,18) (19,22) (20,9) (22,5) (23,10) (23,21) (24,11) 
# pairs of queens attacking each other: 13

Solution: (0,6) (0,10) (1,3) (2,23) (2,24) (3,0) (4,13) (5,14) (6,12) (6,19) (7,1) (8,16) (9,17) (10,2) (11,15) (13,20) (14,7) (16,4) (17,8) (19,18) (19,22) (20,9) (22,5) (23,21) (24,11) 
# pairs of queens attacking each other: 11

Solution: (0,6) (0,10) (1,3) (2,23) (2,24) (3,0) (4,13) (5,14) (6,12) (6,19) (7,1) (8,16) (9,17) (10,2) (11,15) (13,20) (14,7) (16,4) (17,8) (19,18) (19,22) (20,9) (22,5) (23,21) (24,11) 
# pairs of queens attacking each other: 11


Solution: (0,6) (0,10) (1,3) (1,12) (2,23) (2,24) (3,0) (4,13) (5,14) (6,19) (7,1) (8,16) (9,17) (10,2) (11,15) (13,20) (14,7) (16,4) (17,8) (19,18) (19,22) (20,9) (22,5) (23,21) (24,11) 
# pairs of queens attacking each other: 10

Solution: (0,6) (0,10) (1,3) (1,12) (2,23) (2,24) (3,0) (5,14) (6,19) (7,1) (8,16) (9,17) (10,2) (11,15) (13,20) (14,7) (16,4) (17,8) (18,13) (19,18) (19,22) (20,9) (22,5) (23,21) (24,11) 
# pairs of queens attacking each other: 9

Solution: (0,6) (0,10) (1,3) (1,12) (2,23) (2,24) (3,0) (5,14) (6,19) (7,1) (8,16) (9,17) (10,2) (11,15) (13,20) (14,7) (16,4) (17,8) (18,13) (19,18) (19,22) (20,9) (22,5) (23,21) (24,11) 
# pairs of queens attacking each other: 9


Solution: (0,6) (0,10) (1,3) (1,12) (2,23) (2,24) (3,0) (5,14) (6,19) (7,1) (8,16) (9,17) (10,2) (13,20) (14,7) (15,15) (16,4) (17,8) (18,13) (19,18) (19,22) (20,9) (22,5) (23,21) (24,11) 
# pairs of queens attacking each other: 8

Solution: (0,6) (0,10) (1,3) (1,12) (2,23) (2,24) (3,0) (5,14) (6,19) (7,1) (9,17) (10,2) (12,16) (13,20) (14,7) (15,15) (16,4) (17,8) (18,13) (19,18) (19,22) (20,9) (22,5) (23,21) (24,11) 
# pairs of queens attacking each other: 7

Solution: (0,6) (0,10) (1,3) (1,12) (2,23) (2,24) (3,0) (5,14) (6,19) (7,1) (10,2) (12,16) (13,20) (14,7) (15,15) (16,4) (17,8) (18,13) (19,18) (19,22) (20,9) (21,17) (22,5) (23,21) (24,11) 
# pairs of queens attacking each other: 6

Solution: (0,6) (0,10) (1,3) (1,12) (2,23) (2,24) (3,0) (4,18) (5,14) (6,19) (7,1) (10,2) (12,16) (13,20) (14,7) (15,15) (16,4) (17,8) (18,13) (19,22) (20,9) (21,17) (22,5) (23,21) (24,11) 
# pairs of queens attacking each other: 5

Solution: (0,6) (0,10) (1,3) (1,12) (2,23) (2,24) (3,0) (4,18) (5,14) (6,19) (7,1) (10,2) (12,16) (13,20) (14,7) (15,15) (16,4) (17,8) (18,13) (19,22) (20,9) (21,17) (22,5) (23,21) (24,11) 
# pairs of queens attacking each other: 5


Solution: (0,6) (0,10) (1,3) (1,12) (2,23) (2,24) (3,0) (4,18) (5,14) (6,19) (7,1) (10,2) (12,16) (13,20) (14,7) (15,15) (16,4) (17,8) (18,13) (19,22) (20,9) (21,17) (22,5) (23,21) (24,11) 
# pairs of queens attacking each other: 5


Solution: (0,6) (0,10) (1,3) (1,12) (2,23) (2,24) (3,0) (4,18) (5,14) (6,19) (7,1) (10,2) (12,16) (13,20) (14,7) (15,15) (16,4) (17,8) (18,13) (19,22) (20,9) (21,17) (22,5) (23,21) (24,11) 
# pairs of queens attacking each other: 5


Solution: (0,6) (0,10) (1,3) (1,12) (2,23) (2,24) (3,0) (4,18) (5,14) (6,19) (7,1) (10,2) (12,16) (13,20) (14,7) (15,15) (16,4) (17,8) (18,13) (19,22) (20,9) (21,17) (22,5) (23,21) (24,11) 
# pairs of queens attacking each other: 5


Solution: (0,6) (0,10) (1,3) (1,12) (2,24) (3,0) (4,18) (5,14) (6,19) (7,1) (10,2) (11,23) (12,16) (13,20) (14,7) (15,15) (16,4) (17,8) (18,13) (19,22) (20,9) (21,17) (22,5) (23,21) (24,11) 
# pairs of queens attacking each other: 3

Solution: (0,6) (0,10) (1,3) (1,12) (2,24) (3,0) (4,18) (5,14) (6,19) (7,1) (10,2) (11,23) (12,16) (13,20) (14,7) (15,15) (16,4) (17,8) (18,13) (19,22) (20,9) (21,17) (22,5) (23,21) (24,11) 
# pairs of queens attacking each other: 3

Done in 2 restarts.
Run Time: 2.364 seconds
Queens: 25
Solution: (0,3) (0,9) (1,20) (2,0) (5,22) (8,1) (8,2) (8,4) (8,10) (10,12) (12,15) (12,21) (12,24) (14,18) (15,14) (18,5) (18,7) (18,8) (18,17) (19,6) (19,23) (20,11) (23,16) (24,13) (24,19) 
# pairs of queens attacking each other: 22

Solution: (0,3) (0,9) (1,20) (2,0) (4,1) (5,22) (8,2) (8,4) (8,10) (10,12) (12,15) (12,21) (12,24) (14,18) (15,14) (18,5) (18,7) (18,8) (18,17) (19,6) (19,23) (20,11) (23,16) (24,13) (24,19) 
# pairs of queens attacking each other: 19

Solution: (0,3) (0,9) (1,20) (2,0) (4,1) (5,22) (8,4) (8,10) (10,12) (12,15) (12,21) (12,24) (14,18) (15,14) (17,2) (18,5) (18,7) (18,8) (18,17) (19,6) (19,23) (20,11) (23,16) (24,13) (24,19) 
# pairs of queens attacking each other: 18

Solution: (0,9) (1,20) (2,0) (3,3) (4,1) (5,22) (8,4) (8,10) (10,12) (12,15) (12,21) (12,24) (14,18) (15,14) (17,2) (18,5) (18,7) (18,8) (18,17) (19,6) (19,23) (20,11) (23,16) (24,13) (24,19) 
# pairs of queens attacking each other: 16

Solution: (0,9) (1,20) (2,0) (3,3) (4,1) (5,22) (8,10) (10,12) (12,15) (12,21) (12,24) (14,18) (15,14) (16,4) (17,2) (18,5) (18,7) (18,8) (18,17) (19,6) (19,23) (20,11) (23,16) (24,13) (24,19) 
# pairs of queens attacking each other: 15

Solution: (0,9) (1,20) (2,0) (3,3) (4,1) (5,22) (8,10) (9,5) (10,12) (12,15) (12,21) (12,24) (14,18) (15,14) (16,4) (17,2) (18,7) (18,8) (18,17) (19,6) (19,23) (20,11) (23,16) (24,13) (24,19) 
# pairs of queens attacking each other: 13

Solution: (0,9) (1,20) (2,0) (3,3) (4,1) (5,22) (8,10) (9,5) (10,12) (12,15) (12,21) (12,24) (14,18) (15,14) (16,4) (17,2) (18,7) (18,8) (18,17) (19,23) (20,11) (22,6) (23,16) (24,13) (24,19) 
# pairs of queens attacking each other: 11

Solution: (0,9) (1,20) (2,0) (3,3) (4,1) (5,22) (6,7) (8,10) (9,5) (10,12) (12,15) (12,21) (12,24) (14,18) (15,14) (16,4) (17,2) (18,8) (18,17) (19,23) (20,11) (22,6) (23,16) (24,13) (24,19) 
# pairs of queens attacking each other: 9

Solution: (0,9) (1,20) (2,0) (3,3) (4,1) (5,22) (6,7) (8,10) (9,5) (10,12) (12,15) (12,21) (12,24) (14,18) (15,14) (16,4) (17,2) (18,8) (18,17) (19,23) (20,11) (22,6) (23,16) (24,13) (24,19) 
# pairs of queens attacking each other: 9


Solution: (0,9) (1,20) (2,0) (3,3) (4,1) (5,22) (6,7) (8,10) (9,5) (10,12) (12,15) (12,21) (12,24) (14,18) (15,14) (16,4) (17,2) (18,8) (18,17) (19,23) (20,11) (22,6) (23,16) (24,13) (24,19) 
# pairs of queens attacking each other: 9


Solution: (0,9) (1,20) (2,0) (3,3) (4,1) (5,22) (6,7) (8,10) (9,5) (10,12) (12,15) (12,21) (12,24) (14,18) (15,14) (16,4) (17,2) (18,8) (18,17) (19,23) (20,11) (22,6) (23,16) (24,13) (24,19) 
# pairs of queens attacking each other: 9


Solution: (0,9) (1,20) (2,0) (3,3) (4,1) (5,22) (6,7) (8,10) (9,5) (10,12) (12,15) (12,21) (12,24) (14,18) (15,14) (16,4) (17,2) (18,8) (18,17) (19,23) (20,11) (22,6) (23,16) (24,13) (24,19) 
# pairs of queens attacking each other: 9


Solution: (0,9) (1,20) (2,0) (3,3) (4,1) (5,22) (6,7) (8,10) (9,5) (10,12) (12,15) (12,21) (12,24) (14,18) (15,14) (16,4) (17,2) (18,8) (18,17) (19,23) (20,11) (22,6) (23,16) (24,13) (24,19) 
# pairs of queens attacking each other: 9


Solution: (0,9) (1,20) (2,0) (3,3) (4,1) (5,22) (6,7) (8,10) (9,5) (10,12) (12,15) (12,21) (12,24) (14,18) (15,14) (16,4) (17,2) (18,8) (18,17) (19,23) (20,11) (21,13) (22,6) (23,16) (24,19) 
# pairs of queens attacking each other: 8

Solution: (0,9) (1,20) (2,0) (3,3) (4,1) (5,22) (6,7) (8,10) (9,5) (10,12) (12,15) (12,21) (12,24) (14,18) (15,14) (16,4) (17,2) (18,8) (18,17) (19,23) (20,11) (21,13) (22,6) (23,16) (24,19) 
# pairs of queens attacking each other: 8


Solution: (0,9) (0,15) (1,20) (2,0) (3,3) (4,1) (5,22) (6,7) (8,10) (9,5) (10,12) (12,21) (12,24) (14,18) (15,14) (16,4) (17,2) (18,8) (18,17) (19,23) (20,11) (21,13) (22,6) (23,16) (24,19) 
# pairs of queens attacking each other: 7

Solution: (0,9) (0,15) (1,20) (2,0) (3,3) (4,1) (5,22) (6,7) (8,10) (9,5) (10,12) (12,21) (12,24) (14,18) (15,14) (16,4) (17,2) (18,8) (18,17) (19,23) (20,11) (21,13) (22,6) (23,16) (24,19) 
# pairs of queens attacking each other: 7


Solution: (0,9) (0,15) (1,20) (2,0) (3,3) (4,1) (5,22) (6,7) (7,17) (8,10) (9,5) (10,12) (12,21) (12,24) (14,18) (15,14) (16,4) (17,2) (18,8) (19,23) (20,11) (21,13) (22,6) (23,16) (24,19) 
# pairs of queens attacking each other: 5

Solution: (0,9) (0,15) (1,20) (2,0) (3,3) (4,1) (5,22) (6,7) (7,17) (8,10) (9,5) (10,12) (12,21) (12,24) (14,18) (15,14) (16,4) (17,2) (18,8) (19,23) (20,11) (21,13) (22,6) (23,16) (24,19) 
# pairs of queens attacking each other: 5


Solution: (0,9) (0,15) (1,20) (2,0) (3,3) (4,1) (5,22) (6,7) (7,17) (8,10) (9,5) (10,12) (12,21) (12,24) (14,18) (15,14) (16,4) (17,2) (18,8) (19,23) (20,11) (21,13) (22,6) (23,16) (24,19) 
# pairs of queens attacking each other: 5


Solution: (0,9) (0,15) (1,20) (2,0) (3,3) (4,1) (5,22) (6,7) (7,17) (8,10) (9,5) (10,12) (12,21) (12,24) (14,18) (15,14) (16,4) (17,2) (18,8) (19,23) (20,11) (21,13) (22,6) (23,16) (24,19) 
# pairs of queens attacking each other: 5


Solution: (0,9) (0,15) (1,20) (2,0) (3,3) (4,1) (5,22) (6,7) (7,17) (8,10) (9,5) (10,12) (12,24) (13,21) (14,18) (15,14) (16,4) (17,2) (18,8) (19,23) (20,11) (21,13) (22,6) (23,16) (24,19) 
# pairs of queens attacking each other: 4

Solution: (0,9) (0,15) (1,20) (2,0) (3,3) (4,1) (5,22) (6,7) (7,17) (8,10) (9,5) (10,12) (12,24) (13,21) (14,18) (15,14) (16,4) (17,2) (18,8) (19,23) (20,11) (21,13) (22,6) (23,16) (24,19) 
# pairs of queens attacking each other: 4


Solution: (0,9) (0,15) (1,20) (2,0) (3,3) (4,1) (5,22) (6,7) (7,17) (8,10) (9,5) (10,12) (12,24) (13,21) (14,18) (15,14) (16,4) (17,2) (18,8) (19,23) (20,11) (21,13) (22,6) (23,16) (24,19) 
# pairs of queens attacking each other: 4


Solution: (0,9) (0,15) (1,20) (2,0) (3,3) (4,1) (5,22) (6,7) (7,17) (8,10) (9,5) (10,12) (12,24) (13,21) (14,18) (15,14) (16,4) (17,2) (18,8) (19,23) (20,11) (21,13) (22,6) (23,16) (24,19) 
# pairs of queens attacking each other: 4

Done in 3 restarts.
Run Time: 3.131 seconds
Queens: 25
Solution: (0,22) (1,9) (3,6) (4,0) (6,4) (6,10) (6,23) (7,2) (8,17) (9,11) (9,20) (12,1) (12,21) (13,3) (14,19) (15,5) (15,14) (15,24) (17,7) (17,16) (18,13) (21,15) (21,18) (22,12) (23,8) 
# pairs of queens attacking each other: 25

Solution: (0,22) (1,9) (3,6) (4,0) (6,4) (6,10) (6,23) (7,2) (8,17) (9,11) (9,20) (10,1) (12,21) (13,3) (14,19) (15,5) (15,14) (15,24) (17,7) (17,16) (18,13) (21,15) (21,18) (22,12) (23,8) 
# pairs of queens attacking each other: 24

Solution: (0,22) (1,9) (3,6) (4,0) (6,4) (6,10) (6,23) (8,17) (9,11) (9,20) (10,1) (12,21) (13,3) (14,19) (15,5) (15,14) (15,24) (16,2) (17,7) (17,16) (18,13) (21,15) (21,18) (22,12) (23,8) 
# pairs of queens attacking each other: 22

Solution: (0,22) (1,9) (2,3) (3,6) (4,0) (6,4) (6,10) (6,23) (8,17) (9,11) (9,20) (10,1) (12,21) (14,19) (15,5) (15,14) (15,24) (16,2) (17,7) (17,16) (18,13) (21,15) (21,18) (22,12) (23,8) 
# pairs of queens attacking each other: 20

Solution: (0,22) (1,9) (2,3) (3,6) (4,0) (6,10) (6,23) (8,17) (9,11) (9,20) (10,1) (11,4) (12,21) (14,19) (15,5) (15,14) (15,24) (16,2) (17,7) (17,16) (18,13) (21,15) (21,18) (22,12) (23,8) 
# pairs of queens attacking each other: 18

Solution: (0,22) (1,9) (2,3) (3,6) (4,0) (6,10) (6,23) (7,5) (8,17) (9,11) (9,20) (10,1) (11,4) (12,21) (14,19) (15,14) (15,24) (16,2) (17,7) (17,16) (18,13) (21,15) (21,18) (22,12) (23,8) 
# pairs of queens attacking each other: 15

Solution: (0,22) (1,9) (2,3) (3,6) (4,0) (6,10) (6,23) (7,5) (8,17) (9,11) (9,20) (10,1) (11,4) (12,21) (14,19) (15,14) (15,24) (16,2) (17,7) (17,16) (18,13) (21,15) (21,18) (22,12) (23,8) 
# pairs of queens attacking each other: 15


Solution: (0,22) (1,9) (2,3) (3,6) (4,0) (6,10) (6,23) (7,5) (8,17) (9,11) (9,20) (10,1) (11,4) (12,21) (14,19) (15,14) (15,24) (16,2) (17,16) (18,13) (19,7) (21,15) (21,18) (22,12) (23,8) 
# pairs of queens attacking each other: 13

Solution: (0,22) (1,9) (2,3) (3,6) (4,0) (6,10) (6,23) (7,5) (8,17) (9,11) (9,20) (10,1) (11,4) (12,21) (14,19) (15,14) (15,24) (16,2) (17,16) (18,13) (19,7) (21,15) (21,18) (22,12) (24,8) 
# pairs of queens attacking each other: 12

Solution: (0,22) (1,9) (2,3) (3,6) (4,0) (6,10) (6,23) (7,5) (8,17) (9,11) (9,20) (10,1) (11,4) (12,21) (14,19) (15,14) (15,24) (16,2) (17,16) (18,13) (19,7) (21,15) (21,18) (22,12) (24,8) 
# pairs of queens attacking each other: 12


Solution: (0,22) (1,9) (2,3) (3,6) (4,0) (6,10) (6,23) (7,5) (8,17) (9,11) (9,20) (10,1) (11,4) (12,21) (14,19) (15,14) (15,24) (16,2) (17,16) (18,13) (19,7) (21,15) (21,18) (22,12) (24,8) 
# pairs of queens attacking each other: 12


Solution: (0,22) (1,9) (2,3) (3,6) (4,0) (6,10) (6,23) (7,5) (8,17) (9,11) (9,20) (10,1) (11,4) (12,21) (14,19) (15,14) (15,24) (16,2) (17,16) (18,13) (19,7) (21,15) (21,18) (22,12) (24,8) 
# pairs of queens attacking each other: 12


Solution: (0,22) (1,9) (2,3) (3,6) (4,0) (6,10) (6,23) (7,5) (8,17) (9,11) (9,20) (10,1) (11,4) (12,21) (14,19) (15,14) (15,24) (16,2) (17,16) (18,13) (19,7) (21,15) (21,18) (22,12) (24,8) 
# pairs of queens attacking each other: 12


Solution: (0,22) (1,9) (2,3) (3,6) (4,0) (6,10) (6,23) (7,5) (8,17) (9,11) (9,20) (10,1) (11,4) (12,21) (14,19) (15,14) (15,24) (16,2) (17,16) (18,13) (19,7) (21,15) (21,18) (22,12) (24,8) 
# pairs of queens attacking each other: 12


Solution: (0,14) (0,22) (1,9) (2,3) (3,6) (4,0) (6,10) (6,23) (7,5) (8,17) (9,11) (9,20) (10,1) (11,4) (12,21) (14,19) (15,24) (16,2) (17,16) (18,13) (19,7) (21,15) (21,18) (22,12) (24,8) 
# pairs of queens attacking each other: 10

Solution: (0,14) (0,22) (1,9) (2,3) (3,6) (4,0) (6,10) (6,23) (7,5) (8,17) (9,11) (9,20) (10,1) (11,4) (12,21) (14,19) (15,24) (16,2) (17,16) (18,13) (19,7) (21,18) (22,12) (23,15) (24,8) 
# pairs of queens attacking each other: 9

Solution: (0,14) (0,22) (1,9) (2,3) (3,6) (4,0) (6,10) (6,23) (7,5) (8,17) (9,11) (9,20) (10,1) (11,4) (12,21) (14,19) (15,24) (16,2) (17,16) (18,13) (19,7) (21,18) (22,12) (23,15) (24,8) 
# pairs of queens attacking each other: 9


Solution: (0,14) (0,22) (1,9) (2,3) (3,6) (4,0) (6,10) (6,23) (7,5) (8,17) (9,11) (9,20) (10,1) (11,4) (12,21) (14,19) (15,24) (16,2) (17,16) (18,13) (19,7) (21,18) (22,12) (23,15) (24,8) 
# pairs of queens attacking each other: 9


Solution: (0,14) (0,22) (1,9) (2,3) (3,6) (4,0) (5,18) (6,10) (6,23) (7,5) (8,17) (9,11) (9,20) (10,1) (11,4) (12,21) (14,19) (15,24) (16,2) (17,16) (18,13) (19,7) (22,12) (23,15) (24,8) 
# pairs of queens attacking each other: 8

Solution: (0,14) (0,22) (1,9) (2,3) (3,6) (4,0) (5,18) (6,10) (6,23) (7,5) (8,17) (9,11) (9,20) (10,1) (11,4) (12,21) (14,19) (15,24) (16,2) (17,16) (18,13) (19,7) (22,12) (23,15) (24,8) 
# pairs of queens attacking each other: 8


Solution: (0,14) (0,22) (1,9) (2,3) (3,6) (4,0) (5,18) (6,10) (6,23) (7,5) (8,17) (9,11) (10,1) (11,4) (12,21) (14,19) (15,24) (16,2) (17,16) (18,13) (19,7) (20,20) (22,12) (23,15) (24,8) 
# pairs of queens attacking each other: 6

Solution: (0,14) (0,21) (0,22) (1,9) (2,3) (3,6) (4,0) (5,18) (6,10) (6,23) (7,5) (8,17) (9,11) (10,1) (11,4) (14,19) (15,24) (16,2) (17,16) (18,13) (19,7) (20,20) (22,12) (23,15) (24,8) 
# pairs of queens attacking each other: 5

Solution: (0,14) (0,21) (0,22) (1,9) (2,3) (3,6) (4,0) (5,18) (6,10) (6,23) (7,5) (8,17) (9,11) (10,1) (11,4) (14,19) (15,24) (16,2) (17,16) (18,13) (19,7) (20,20) (22,12) (23,15) (24,8) 
# pairs of queens attacking each other: 5


Solution: (0,14) (0,21) (0,22) (1,9) (2,3) (3,6) (4,0) (5,18) (6,10) (7,5) (8,17) (9,11) (10,1) (11,4) (12,23) (14,19) (15,24) (16,2) (17,16) (18,13) (19,7) (20,20) (22,12) (23,15) (24,8) 
# pairs of queens attacking each other: 4

Solution: (0,14) (0,21) (0,22) (1,9) (2,3) (3,6) (4,0) (5,18) (6,10) (7,5) (8,17) (9,11) (10,1) (11,4) (12,23) (14,19) (15,24) (16,2) (17,16) (18,13) (19,7) (20,20) (22,12) (23,15) (24,8) 
# pairs of queens attacking each other: 4

Done in 4 restarts.
Run Time: 3.896 seconds
Queens: 25
Solution: (2,3) (2,5) (3,6) (4,12) (4,18) (6,0) (7,23) (9,8) (9,24) (10,7) (10,10) (10,13) (10,22) (11,2) (12,19) (14,14) (15,20) (15,21) (16,9) (16,11) (17,4) (19,17) (21,16) (23,1) (23,15) 
# pairs of queens attacking each other: 15

Solution: (2,3) (2,5) (3,6) (4,12) (4,18) (6,0) (7,23) (9,8) (9,24) (10,7) (10,10) (10,13) (10,22) (11,2) (12,19) (13,1) (14,14) (15,20) (15,21) (16,9) (16,11) (17,4) (19,17) (21,16) (23,15) 
# pairs of queens attacking each other: 14

Solution: (2,3) (2,5) (3,6) (4,12) (4,18) (6,0) (7,23) (9,8) (9,24) (10,7) (10,10) (10,13) (10,22) (11,2) (12,19) (13,1) (14,14) (15,20) (15,21) (16,9) (16,11) (17,4) (19,17) (21,16) (23,15) 
# pairs of queens attacking each other: 14


Solution: (1,3) (2,5) (3,6) (4,12) (4,18) (6,0) (7,23) (9,8) (9,24) (10,7) (10,10) (10,13) (10,22) (11,2) (12,19) (13,1) (14,14) (15,20) (15,21) (16,9) (16,11) (17,4) (19,17) (21,16) (23,15) 
# pairs of queens attacking each other: 13

Solution: (1,3) (2,5) (3,6) (4,12) (4,18) (6,0) (7,23) (9,8) (9,24) (10,7) (10,10) (10,13) (10,22) (11,2) (12,19) (13,1) (14,14) (15,20) (15,21) (16,9) (16,11) (17,4) (19,17) (21,16) (23,15) 
# pairs of queens attacking each other: 13


Solution: (1,3) (3,6) (4,12) (4,18) (6,0) (7,23) (9,8) (9,24) (10,7) (10,10) (10,13) (10,22) (11,2) (12,19) (13,1) (14,14) (15,20) (15,21) (16,9) (16,11) (17,4) (19,17) (21,16) (23,15) (24,5) 
# pairs of queens attacking each other: 12

Solution: (1,3) (2,6) (4,12) (4,18) (6,0) (7,23) (9,8) (9,24) (10,7) (10,10) (10,13) (10,22) (11,2) (12,19) (13,1) (14,14) (15,20) (15,21) (16,9) (16,11) (17,4) (19,17) (21,16) (23,15) (24,5) 
# pairs of queens attacking each other: 11

Solution: (0,7) (1,3) (2,6) (4,12) (4,18) (6,0) (7,23) (9,8) (9,24) (10,10) (10,13) (10,22) (11,2) (12,19) (13,1) (14,14) (15,20) (15,21) (16,9) (16,11) (17,4) (19,17) (21,16) (23,15) (24,5) 
# pairs of queens attacking each other: 10

Solution: (0,7) (1,3) (2,6) (4,12) (4,18) (6,0) (7,23) (9,24) (10,10) (10,13) (10,22) (11,2) (12,19) (13,1) (14,14) (15,20) (15,21) (16,9) (16,11) (17,4) (18,8) (19,17) (21,16) (23,15) (24,5) 
# pairs of queens attacking each other: 9

Solution: (0,7) (1,3) (2,6) (4,12) (4,18) (6,0) (7,23) (8,9) (9,24) (10,10) (10,13) (10,22) (11,2) (12,19) (13,1) (14,14) (15,20) (15,21) (16,11) (17,4) (18,8) (19,17) (21,16) (23,15) (24,5) 
# pairs of queens attacking each other: 8

Solution: (0,7) (0,10) (1,3) (2,6) (4,12) (4,18) (6,0) (7,23) (8,9) (9,24) (10,13) (10,22) (11,2) (12,19) (13,1) (14,14) (15,20) (15,21) (16,11) (17,4) (18,8) (19,17) (21,16) (23,15) (24,5) 
# pairs of queens attacking each other: 7

Solution: (0,7) (0,10) (1,3) (2,6) (4,12) (4,18) (6,0) (7,23) (8,9) (9,24) (10,13) (10,22) (11,2) (12,19) (13,1) (14,14) (15,20) (15,21) (16,11) (17,4) (18,8) (19,17) (21,16) (23,15) (24,5) 
# pairs of queens attacking each other: 7


Solution: (0,7) (0,10) (1,3) (2,6) (3,12) (4,18) (6,0) (7,23) (8,9) (9,24) (10,13) (10,22) (11,2) (12,19) (13,1) (14,14) (15,20) (15,21) (16,11) (17,4) (18,8) (19,17) (21,16) (23,15) (24,5) 
# pairs of queens attacking each other: 6

Solution: (0,7) (0,10) (1,3) (2,6) (3,12) (4,18) (5,13) (6,0) (7,23) (8,9) (9,24) (10,22) (11,2) (12,19) (13,1) (14,14) (15,20) (15,21) (16,11) (17,4) (18,8) (19,17) (21,16) (23,15) (24,5) 
# pairs of queens attacking each other: 5

Solution: (0,7) (0,10) (1,3) (2,6) (3,12) (4,18) (5,13) (6,0) (7,23) (8,9) (9,24) (10,22) (11,2) (12,19) (13,1) (14,14) (15,20) (15,21) (16,11) (17,4) (18,8) (19,17) (21,16) (23,15) (24,5) 
# pairs of queens attacking each other: 5


Solution: (0,7) (0,10) (1,3) (2,6) (3,12) (4,18) (5,13) (6,0) (7,23) (8,9) (9,24) (10,22) (11,2) (12,19) (13,1) (14,14) (15,20) (15,21) (16,11) (17,4) (18,8) (19,17) (21,16) (23,15) (24,5) 
# pairs of queens attacking each other: 5


Solution: (0,7) (0,10) (1,3) (2,6) (3,12) (4,18) (5,13) (6,0) (7,23) (8,9) (9,24) (10,22) (11,2) (12,19) (13,1) (14,14) (15,20) (15,21) (16,11) (17,4) (18,8) (19,17) (21,16) (23,15) (24,5) 
# pairs of queens attacking each other: 5


Solution: (0,7) (0,10) (1,3) (2,6) (3,12) (4,18) (5,13) (6,0) (7,23) (8,9) (9,24) (10,22) (11,2) (12,19) (13,1) (14,14) (15,20) (15,21) (16,11) (17,4) (18,8) (19,17) (21,16) (23,15) (24,5) 
# pairs of queens attacking each other: 5


Solution: (0,7) (0,10) (1,3) (2,6) (3,12) (4,18) (5,13) (6,0) (7,23) (8,9) (9,24) (10,22) (11,2) (12,19) (13,1) (14,14) (15,20) (15,21) (16,11) (17,4) (18,8) (19,17) (21,16) (23,15) (24,5) 
# pairs of queens attacking each other: 5


Solution: (0,7) (0,10) (1,3) (2,6) (3,12) (4,18) (5,13) (6,0) (7,23) (8,9) (9,24) (10,22) (11,2) (13,1) (14,14) (15,20) (15,21) (16,11) (17,4) (18,8) (19,17) (20,19) (21,16) (23,15) (24,5) 
# pairs of queens attacking each other: 4

Solution: (0,7) (0,10) (1,3) (2,6) (3,12) (4,18) (5,13) (6,0) (7,23) (8,9) (9,24) (10,22) (11,2) (13,1) (14,14) (15,20) (15,21) (16,11) (17,4) (18,8) (19,17) (20,19) (21,16) (23,15) (24,5) 
# pairs of queens attacking each other: 4


Solution: (0,7) (0,10) (1,3) (2,6) (2,21) (3,12) (4,18) (5,13) (6,0) (7,23) (8,9) (9,24) (10,22) (11,2) (13,1) (14,14) (15,20) (16,11) (17,4) (18,8) (19,17) (20,19) (21,16) (23,15) (24,5) 
# pairs of queens attacking each other: 3

Solution: (0,7) (0,10) (1,3) (2,6) (2,21) (3,12) (4,18) (5,13) (6,0) (7,23) (8,9) (9,24) (10,22) (11,2) (13,1) (14,14) (15,20) (16,11) (17,4) (18,8) (19,17) (20,19) (21,16) (23,15) (24,5) 
# pairs of queens attacking each other: 3


Solution: (0,7) (0,10) (1,3) (2,6) (2,21) (3,12) (4,18) (5,13) (6,0) (7,23) (8,9) (9,24) (10,22) (11,2) (13,1) (14,14) (15,20) (16,11) (17,4) (18,8) (19,17) (20,19) (21,16) (23,15) (24,5) 
# pairs of queens attacking each other: 3


Solution: (0,7) (0,10) (1,3) (2,6) (2,21) (3,12) (4,18) (5,13) (6,0) (7,23) (8,9) (9,24) (10,22) (11,2) (13,1) (14,14) (15,20) (16,11) (17,4) (18,8) (19,17) (20,19) (21,16) (23,15) (24,5) 
# pairs of queens attacking each other: 3

Done in 5 restarts.
Run Time: 4.663 seconds
Queens: 25